1 2
-3.5839999999999996 -1.056
-1.8329120000000003 0.11139199999999994
-0.751088 0.832608
-1.833260384 0.11115974400000006
-1.4198705333119999 0.386752977792
-1.8331781388988162 0.11121457406745594
-2.088437765312 -0.058958510207999915
-1.9908269229628162 0.006115384691455894
-1.9305542599778365 0.046297160014775685
-1.9908971766441392 0.006068548903907178
-1.9678461824776114 0.021435878348258885
-1.9908925905824728 0.00607160627835146
-2.005094688202329 -0.003396458801552704
-1.9996444018808353 0.00023706541277657145
-1.996290960306272 0.0024726931291518817
-1.999667735384528 0.00022150974364798515
-1.9983778073046343 0.0010814617969105988
-1.9996674787496218 0.0002216808335855358
-1.9991748242576364 0.0005501171615756029
-1.999667380734592 0.00022174617693870857
-1.999957579705729 2.828019618084099e-05
-1.9998379457766196 0.00010803614892029856
-1.9999575559042144 2.829606385712502e-05
-1.999911864835473 5.87567763512542e-05
-1.9999575468138446 2.830212410365185e-05
-1.9999945142181677 3.657187888306268e-06
-2.000003219703655 -2.1464691033479255e-06
-1.9999965536066435 2.2975955711324048e-06
-1.9999944980414908 3.6679723396382258e-06
-1.999999892472999 7.168466731322098e-08
-2.0000011628122634 -7.752081754297535e-07
-1.9999994020957166 3.986028556113297e-07
-1.999999102139427 5.985737152602866e-07
-2.0000006771326877 -4.514217919471264e-07
-2.000000075485262 -5.0323508027361186e-08
-1.9999992167227294 5.221848469183499e-07
-1.9999992875352106 4.749765263323269e-07
-1.999999260484843 4.930101047406765e-07
-1.9999992875298287 4.749801141290533e-07
-1.9999992771986443 4.818675705120512e-07
-1.9999992875277735 4.7498148436631027e-07
-1.9999992835820462 4.7761196930729e-07
-1.9999992875269883 4.749820077254441e-07
-1.9999992860200204 4.759866529813195e-07
-1.9999992875266885 4.749822075655885e-07
-1.9999992869511414 4.753659057499249e-07
-1.999999287526574 4.749822839489326e-07
-1.9999992873067587 4.751288273929788e-07
-1.9999992875265304 4.7498231303677585e-07
-1.999999287442578 4.7503828137784865e-07
-1.999999287526514 4.749823239169615e-07
-1.9999992874944503 4.750036997069884e-07
-1.9999992875265074 4.749823283578536e-07
-1.999999287514262 4.7499049204979826e-07
-1.9999992875265051 4.749823299121658e-07
-1.9999992875218284 4.749854476404636e-07
-1.9999992875265047 4.7498233035625503e-07
-1.9999992875247181 4.7498352118147125e-07
-1.9999992875265042 4.7498233057829964e-07
-1.9999992875258221 4.749827853256505e-07
-1.9999992875265042 4.7498233057829964e-07
-1.9999992875262436 4.749825042171807e-07
-1.9999992875265042 4.7498233057829964e-07
-1.9999992875264043 4.749823969696365e-07
-1.9999992875265042 4.7498233057829964e-07
-1.999999287526466 4.749823558913846e-07
-1.9999992875265042 4.7498233057829964e-07
-1.9999992875264896 4.7498234034826226e-07
-1.9999992875265042 4.7498233057829964e-07
-1.9999992875264985 4.749823343530579e-07
-1.9999992875265038 4.7498233080034424e-07
-1.999999287526502 4.7498233213261187e-07
-1.9999992875265038 4.7498233080034424e-07
-1.999999287526503 4.7498233124443345e-07
-1.9999992875265042 4.7498233057829964e-07
-1.9999992875265038 4.7498233080034424e-07
-2.0000003761860046 -2.507906706625818e-07
-1.9999999603180751 2.6454615896255978e-08
-1.999999703394433 1.977370442415065e-07
-1.9999999604008134 2.6399457148144806e-08
-1.999999862224376 9.1850415417809e-08
-1.9999999603812808 2.6412478804763858e-08
-2.0000000210031867 -1.4002125299555821e-08
-1.9999999978214742 1.4523498372442118e-09
-1.9999999835072493 1.099516648662733e-08
-1.9999999978381588 1.4412267514768762e-09
-1.9999999923637515 5.090831730304341e-09
-1.9999999978370697 1.4419528508966667e-09
-2.0000000012099424 -8.066289590144243e-10
-1.9999999999155476 5.63009411564001e-11
-1.9999999991191348 5.872427729192931e-10
-1.9999999999210891 5.2606607166432306e-11
-1.9999999996147426 2.568376224840807e-10
-1.999999999921028 5.264723951510665e-11
-1.999999999804027 1.3064796580920731e-10
-1.999999999921005 5.2662757984186896e-11
-1.9999999999899245 6.716296748738698e-12
-1.9999999999615126 2.5657630912440684e-11
-1.999999999989919 6.7200651816450715e-12
-1.9999999999790676 1.3954215290795549e-11
-1.9999999999899167 6.7215044366827004e-12
-1.9999999999986962 8.685498136640954e-13
-2.000000000000764 -5.09767448848474e-13
-1.9999999999991804 5.456586498204505e-13
-1.9999999999986924 8.711110256208282e-13
-1.9999999999999736 1.7024475184557425e-14
-2.0000000000002753 -1.8410509299813675e-13
-1.999999999999857 9.466465671854126e-14
-1.9999999999997857 1.4215596919154458e-13
-2.00000000000016 -1.0720868744230734e-13
-2.000000000000017 -1.1951388557989204e-14
-1.999999999999813 1.240142878309866e-13
-1.99999999999983 1.1280272876583187e-13
-1.9999999999998235 1.1708554434640279e-13
-1.99999999999983 1.1280358082803725e-13
-1.9999999999998272 1.144392908641008e-13
-1.99999999999983 1.1280390624750767e-13
-1.9999999999998288 1.1342862322165646e-13
-1.99999999999983 1.1280403054959268e-13
-1.9999999999998295 1.1304262490775764e-13
-1.9999999999998297 1.1280407803637729e-13
-1.9999999999998297 1.1289520295257365e-13
-1.9999999999998297 1.1280409614170653e-13
-1.9999999999998297 1.128388989255642e-13
-1.9999999999998297 1.1280410307678879e-13
-1.9999999999998297 1.1281739503543446e-13
-1.9999999999998297 1.1280410567082719e-13
-1.9999999999998297 1.1280918220397788e-13
-1.9999999999998297 1.1280410672961837e-13
-1.9999999999998297 1.1280604553509508e-13
-1.9999999999998297 1.1280410710019529e-13
-1.9999999999998297 1.1280484751287031e-13
-1.9999999999998297 1.1280410720607441e-13
-1.9999999999998297 1.1280439000919967e-13
-1.9999999999998297 1.1280410725901397e-13
-1.9999999999998297 1.1280421525571474e-13
-1.9999999999998297 1.1280410725901397e-13
-1.9999999999998297 1.1280414844599103e-13
-1.9999999999998297 1.1280410725901397e-13
-1.9999999999998297 1.1280412298206305e-13
-1.9999999999998297 1.1280410725901397e-13
-1.9999999999998297 1.1280411324118416e-13
-1.9999999999998297 1.1280410725901397e-13
-1.9999999999998297 1.1280410953541501e-13
-1.9999999999998297 1.1280410725901397e-13
-1.9999999999998297 1.1280410810604691e-13
-1.9999999999998297 1.1280410731195353e-13
-1.9999999999998297 1.1280410757665132e-13
-1.9999999999998297 1.1280410731195353e-13
-1.9999999999998297 1.1280410741783264e-13
-1.9999999999998297 1.1280410725901397e-13
-1.9999999999998297 1.1280410731195353e-13
-2.00000000000009 -5.956056866071147e-14
-1.9999999999999907 6.28273756084656e-15
-1.9999999999999292 4.6960801090395505e-14
-1.9999999999999907 6.269637845472647e-15
-1.9999999999999671 2.1813662205033173e-14
-1.9999999999999907 6.272730373879246e-15
-2.0000000000000053 -3.325381056228076e-15
-1.9999999999999996 3.4492025549443913e-16
-1.9999999999999962 2.6112549032727242e-15
-1.9999999999999996 3.422786208920928e-16
-1.9999999999999982 1.2090275607614909e-15
-1.9999999999999996 3.4245106308954423e-16
-2.0000000000000004 -1.9156725156549504e-16
-2.0 1.3370976131401153e-17
-2.0 1.3946497054518492e-16
-2.0 1.249360444656011e-17
-2.0 6.099666629624186e-17
-2.0 1.2503254270394689e-17
-2.0 3.102773766426061e-17
-2.0 1.2506939769701169e-17
-2.0 1.5950611423967773e-18
-2.0 6.093460668181984e-18
-2.0 1.5959561119221305e-18
-2.0 3.3140028524166258e-18
-2.0 1.5962979222726498e-18
-2.0 2.0627290750378887e-19
-2.0 -1.2106526553954958e-19
-2.0 1.2958910868533013e-19
-2.0 2.068811727149292e-19
-2.0 4.043162454289243e-21
-2.0 -4.3723333106158e-20
-2.0 2.2482019643953107e-20
-2.0 3.376078681009956e-20
-2.0 -2.5461116135778285e-20
-2.0 -2.8383492039148684e-21
-2.0 2.9452297755610355e-20
-2.0 2.6789651528493588e-20
-2.0 2.780678237493334e-20
-2.0 2.6789853880782108e-20
-2.0 2.717832057019269e-20
-2.0 2.678993116390727e-20
-2.0 2.6938295919910336e-20
-2.0 2.6789960686237788e-20
-2.0 2.6846624741764656e-20
-2.0 2.67899719574824e-20
-2.0 2.681161332774252e-20
-2.0 2.67899762615075e-20
-2.0 2.679824161790627e-20
-2.0 2.6789977902338183e-20
-2.0 2.6793134633380065e-20
-2.0 2.6789978520805133e-20
-2.0 2.67911841527038e-20
-2.0 2.6789978773240623e-20
-2.0 2.6790439215573782e-20
-2.0 2.6789978861593044e-20
-2.0 2.679015470815515e-20
-2.0 2.6789978886836593e-20
-2.0 2.679004604729862e-20
-2.0 2.6789978899458367e-20
-2.0 2.6790004546904118e-20
-2.0 2.6789978899458367e-20
-2.0 2.6789988693955367e-20
-2.0 2.6789978899458367e-20
-2.0 2.6789982635503615e-20
-2.0 2.6789978899458367e-20
-2.0 2.6789980325718884e-20
-2.0 2.6789978899458367e-20
-2.0 2.678997944219467e-20
-2.0 2.6789978899458367e-20
-2.0 2.6789979114028534e-20
-2.0 2.6789978912080142e-20
-2.0 2.678997898781079e-20
-2.0 2.6789978912080142e-20
-2.0 2.678997893732369e-20
-2.0 2.6789978899458367e-20
-2.0 2.6789978912080142e-20
