1 2
0.94 1.96
0.8812000000476836 1.9208000002953471
0.8235760003328323 1.882384000243766
0.7671044808626174 1.8447363201617784
0.7117623913288116 1.8078415937512302
0.6575271433591842 1.771684761800169
0.6043766003847121 1.7362510664941444
0.552289068698883 1.701526045202145
0.5012432873249053 1.6674955241558478
0.4512184214591979 1.6341456139402717
0.4021940529346465 1.6014627017277665
0.354150172472 1.5694334473625953
0.3070671689510344 1.538044778302188
0.26092582583427415 1.5072838825956136
0.21570730924606307 1.477138204887674
0.17139316290616974 1.4475954407766751
0.12796529978513702 1.4186435318761517
0.08540599375963195 1.3902706611779883
0.043697873651981196 1.362465248021965
0.0028239163756368993 1.3352159429498227
-0.037232562005520026 1.3085116243304415
-0.07648791074752823 1.2823413916591455
-0.11495815247297303 1.2566945639887
-0.15265898942947403 1.2315606724933934
-0.18960580974817293 1.2069294587530217
-0.22581369340419785 1.1827908695792437
-0.2612974193692209 1.1591350520029151
-0.29607147097587605 1.1359523508685199
-0.3301500415802004 1.1132333037414932
-0.36354704082012196 1.0909686379141872
-0.39627609997987767 1.0691492649969792
-0.4283505779504778 1.0477662796647218
-0.45978356659412406 1.0268109541534327
-0.49058789521455787 1.0062747349348191
-0.5207761371135714 0.9861492402056116
-0.5503606145083907 0.9664262554744142
-0.5793534022569659 0.9470977304080385
-0.6077663342654708 0.9281557757357018
-0.635611007511616 0.9095926601389306
-0.6628987874090675 0.891400806973304
-0.6896408116817477 0.8735727908411878
-0.7158479954302314 0.8561013350585359
-0.741531035602093 0.8389793083766359
-0.7667004150152209 0.8221997221508879
-0.7913664066791537 0.8057557276585955
-0.815539078563452 0.7896406131187338
-0.8392282970249655 0.7738478008607287
-0.8624437311291696 0.758370844865765
-0.885194856375456 0.7432034280100721
-0.9074909593164923 0.7283393593827147
-0.9293411400914194 0.7137725721994299
-0.9507543173432352 0.6994971207478899
-0.9717392310500147 0.6855071783015388
-0.9923044464737178 0.6717970347354073
-1.012458357512951 0.6583610939929146
-1.032209190292598 0.6451938720742125
-1.0515650064517885 0.632289994651999
-1.0705337063529574 0.6196441948363443
-1.089123032253415 0.6072513109395166
-1.1073405714699727 0.5951062846878429
-1.1251937600986566 0.5832041589865347
-1.142689884903171 0.5715400757590194
-1.1598360872136977 0.5601092742333075
-1.1766393653977745 0.5489070887813231
-1.193106578064155 0.5379289470190068
-1.2092444465373136 0.527170368092682
-1.2250595575798802 0.5166269607046505
-1.2405583663812654 0.5062944214740654
-1.2557471991087095 0.49616853307428566
-1.2706322551567786 0.4862451624074837
-1.2852196099766686 0.47652025918903557
-1.2995152177765128 0.46698985401036947
-1.3135249134200482 0.45765005692335575
-1.327254415175224 0.4484970558011791
-1.3407093268751271 0.43952711466195793
-1.3538951403678565 0.43073657236489266
-1.366817237601284 0.42212184089663235
-1.3794808928289333 0.41367940406742304
-1.3918912750337624 0.4054058159837386
-1.4040534494819918 0.39729769966992345
-1.4159723804989384 0.3893517456898352
-1.4276529328882184 0.38156471078711357
-1.4390998742860386 0.37393341656270235
-1.4503178768234788 0.3664547482455036
-1.4613115192707395 0.35912565327676743
-1.4720852888767808 0.35194314021113127
-1.482643583050931 0.3449042774127683
-1.492990711437495 0.33800619186329456
-1.5031308972559692 0.33124606802555534
-1.5130682793195678 0.32462114665153236
-1.5228069136915752 0.31812872372063605
-1.5323507754131032 0.31176614924761265
-1.5417037599224341 0.30553082625808925
-1.5508696847225791 0.29942020972686617
-1.559852291057344 0.2934318055162093
-1.5686552452124507 0.2875631694072744
-1.5772821403456363 0.28181190601977313
-1.5857364975712231 0.27617566789927683
-1.5940217676173787 0.27065215454864106
-1.6021413322604674 0.26523911145011686
-1.6100985056348023 0.2599343292178472
-1.617896535546003 0.2547356426292916
-1.6255386048645764 0.24964092977772254
-1.633027832758112 0.24464811118746896
-1.6403672761224228 0.23975514896641273
-1.6475599305705457 0.23496004598642486
-1.654608731938257 0.2302608450731148
-1.6615165572777166 0.22565562816764015
-1.6682862261565226 0.22114251560027498
-1.6749205016057156 0.2167196652894725
-1.6814220915606162 0.2123852719874938
-1.687793649705992 0.20813756654466287
-1.6940377766848225 0.20397481521087482
-1.700157021165382 0.199895318899851
-1.7061538807256773 0.19589741252789988
-1.7120308031263414 0.1919794642781724
-1.717790187047302 0.1881398749906455
-1.7234343833027344 0.18437707749156995
-1.7289656956541064 0.1806895359415446
-1.734386381754103 0.1770757452255
-1.7396986541279231 0.17353423031474244
-1.7449046810285764 0.1700635457081605
-1.7500065874149606 0.166662274794269
-1.7550064556647564 0.1633290292970721
-1.7599063265717687 0.1600624487126131
-1.7647082000268506 0.15686119973621113
-1.7694140360430786 0.15372397574557703
-1.7740257553264354 0.1506494962327067
-1.7785452402140591 0.14763650630562344
-1.782974335423233 0.14468377618080713
-1.7873148487082582 0.14179010065699704
-1.7915685517285587 0.13895429864487388
-1.7957371806846572 0.13617521266880223
-1.7998224370624407 0.1334517084151391
-1.803825988316376 0.1307826742479462
-1.807749468553876 0.12816702076428346
-1.8115944791774803 0.12560368034950234
-1.8153625896079857 0.12309160674185268
-1.8190553378119232 0.12062977460640259
-1.82267423104736 0.11821717911361493
-1.8262207464240099 0.11585283553189374
-1.8296963315035386 0.1135357788224589
-1.8331024048657805 0.11126506324586234
-1.836440356769633 0.10903976198014578
-1.8397115496297498 0.1068589667413268
-1.8429173186327787 0.10472178740621318
-1.846058972267661 0.10262735165617203
-1.8491377928352295 0.10057480462322717
-1.8521550369862465 0.0985633085291717
-1.8551119362345092 0.09659204235960503
-1.858009697518456 0.09466020151235868
-1.8608495035660735 0.09276699748317485
-1.8636325134884222 0.09091165753392277
-1.8663598632210021 0.08909342438293395
-1.8690326659513905 0.08731155589533744
-1.8716520126324747 0.08556532477805165
-1.8742189723721938 0.08385401828292531
-1.876734592922241 0.08217693791686331
-1.8791999010725533 0.0805333991577733
-1.881615903059086 0.07892273117516894
-1.8839835850027036 0.07734427655193728
-1.8863039132991954 0.0757973910212401
-1.8885778350373554 0.07428144320108701
-1.8908062783351145 0.07279581433705759
-1.8929901527618074 0.07133989804968012
-1.8951303497110865 0.06991310008879525
-1.897227742718634 0.06851483808675556
-1.899283187871316 0.06714454132559484
-1.9012975241113848 0.06580165049895885
-1.9032715736295405 0.06448561748858782
-1.90520614215394 0.06319590513905285
-1.9071020193126074 0.06193198703656679
-1.908959978925656 0.06069334729594419
-1.9107807793525944 0.05947948034988956
-1.9125651637591414 0.058289890742942295
-1.9143138604776015 0.05712409292833188
-1.9160275832747375 0.0559816110694898
-1.9177070316158533 0.05486197884796427
-1.9193528909788258 0.05376473927075283
-1.9209658331577204 0.05268944448520203
-1.9225465164963453 0.05163565559565329
-1.9240955861698998 0.05060294248358121
-1.9256136744463177 0.04959088363413473
-1.9271014009551835 0.04859906596093213
-1.9285593729378334 0.047627084641915354
-1.9299881854827499 0.04667454294938369
-1.9313884217768518 0.04574105209021371
-1.9327606533422195 0.04482623104840757
-1.9341054402770512 0.04392970642764128
-1.9354233314719846 0.04305111229905167
-1.936714864841185 0.04219009005309788
-1.9379805675399044 0.04134628825200496
-1.9392209561858704 0.04051936248715508
-1.9404365370583838 0.03970897523735191
-1.9416278063202306 0.03891479573261465
-1.9427952501903603 0.03813649981797214
-1.9439393451846831 0.03737376982162248
-1.945060558279764 0.03662629442512996
-1.9461593471101457 0.03589376853653237
-1.9472361601683346 0.03517589316577657
-1.9482914369679543 0.034472375302191424
-1.949325608227994 0.03378292779618066
-1.9503390960623508 0.033107269240188246
-1.9513323141399945 0.032445123855338966
-1.9523056678580213 0.03179622137822451
-1.9532595545042495 0.031160296950599947
-1.9541943634155974 0.030537091011554073
-1.9551104761489557 0.029926349191280385
-1.956008266625602 0.029327822207467467
-1.9568881012947832 0.02874126576329006
-1.9577503392659232 0.028166440448019487
-1.9585953324789045 0.02760311163908925
-1.959423425830657 0.02705104940634344
-1.9602349573127713 0.026510028418176873
-1.961030258165587 0.025979827849858042
-1.9618096530029225 0.02546023129287066
-1.9625734599417124 0.0249510266668746
-1.9633219907405277 0.024452006133413008
-1.964055550923114 0.023962966010783633
-1.9647744399054177 0.023483706690583563
-1.9654789511090378 0.02301403255680059
-1.9661693720888038 0.022553751905632156
-1.9668459846470383 0.022102676867487094
-1.9675090649556335 0.021660623330224258
-1.9681588836552397 0.021227410863628098
-1.968795705982826 0.020802862646358042
-1.969419791861847 0.02038680539347995
-1.9700313960247438 0.019979069285598304
-1.9706307681041115 0.019579487899952872
-1.9712181527411181 0.019187898141951952
-1.971793789686626 0.018804140179106685
-1.9723579138917493 0.018428057375547428
-1.972910755613905 0.018059496228068087
-1.9734525405033638 0.017698306303552885
-1.973983489692674 0.01734434017749452
-1.9745038199005922 0.016997453373967505
-1.975013743501331 0.016657504306511032
-1.975513468632394 0.01632435422035785
-1.97600319926085 0.015997867135972843
-1.9764831352757677 0.01567790979328281
-1.976953472570529 0.015364351597434212
-1.9774144031200465 0.015057064565496762
-1.9778661150567842 0.014755923274222073
-1.9783087927552367 0.014460804808748139
-1.978742616901046 0.014171588712577135
-1.9791677645624846 0.013888156938317183
-1.9795844092701655 0.013610393799551888
-1.9799927210850823 0.01333818592354662
-1.980392866662657 0.013071422205082558
-1.980785009330729 0.012809993761018336
-1.9811693091446778 0.012553793885797563
-1.9815459229625612 0.012302718008084116
-1.9819150045037097 0.012056663647906748
-1.982276704412286 0.011815530374931472
-1.9826311703246604 0.011579219767425162
-1.9829785469192922 0.01134763537205588
-1.983318975981885 0.011120682664602715
-1.9836525964611695 0.010898269011320441
-1.983979544531162 0.01068030363110454
-1.9842999536394945 0.010466697558474767
-1.984613954567362 0.010257363607304502
-1.9849216754760841 0.010052216335168555
-1.9852232419670788 0.009851172008473146
-1.985518777128721 0.009654148568313464
-1.9858084015870459 0.009461065596931509
-1.9860922335554025 0.009271844284992472
-1.9863703888851454 0.009086407399279484
-1.9866429811068589 0.008904679251297854
-1.9869101214854519 0.008726585666279495
-1.9871719190555006 0.008552053952951317
-1.987428480674275 0.008381012873894795
-1.9876799110615055 0.008213392616414857
-1.9879263128405957 0.008049124764081789
-1.9881677865845622 0.007888142268809751
-1.9884044308535826 0.007730379423435515
-1.9886363422373317 0.007575771834961123
-1.9888636153928636 0.0074242563982604036
-1.9890863430852075 0.0072757712702947895
-1.9893046162236976 0.007130255844893035
-1.989518523899314 0.006987650727994768
-1.9897281534212568 0.006847897713439742
-1.9899335903527646 0.006710939759166357
-1.9901349185461827 0.00657672096398317
-1.9903322201758682 0.006445186544704192
-1.9905255757719478 0.006316282813811703
-1.9907150642562974 0.006189957157537428
-1.9909007629718536 0.006066158014389366
-1.991082747713042 0.005944834854096989
-1.9912610927583423 0.005825938157011187
-1.9914358709033557 0.005709419393872558
-1.9916071534852566 0.005595231005998066
-1.9917750104160499 0.005483326385881518
-1.9919395102073671 0.00537365985816239
-1.9921007200035974 0.005266186660999373
-1.992258705603178 0.005160862927775888
-1.9924135314916613 0.005057645669219418
-1.99256526086215 0.004956492755834624
-1.9927139556447917 0.004857362900718435
-1.9928596765320699 0.004760215642702569
-1.993002483001426 0.004665011329850749
-1.9931424333418337 0.004571711103251509
-1.9932795846744944 0.004480276881188437
-1.993413992981445 0.004390671343565081
-1.9935457131222576 0.0043028579166936465
-1.9936747988596764 0.004216800758361096
-1.9938013028825425 0.004132464743195378
-1.993925276824449 0.004049815448331793
-1.994046771287752 0.003968819139365842
-1.9941658358623673 0.003889442756578938
-1.9942825191452316 0.0038116539014483174
-1.994396868762022 0.0037354208234184447
-1.9945089313865905 0.0036607124069498063
-1.9946187527591681 0.0035874981588087215
-1.9947263777042972 0.0035157481956322777
-1.9948318501500544 0.0034454332317183623
-1.9949352131467948 0.0033765245670839984
-1.9950365088839281 0.003308994075741958
-1.995135778706436 0.0032428141942274858
-1.9952330631325732 0.0031779579103433033
-1.9953284018697208 0.0031143987521365314
-1.995421833832077 0.003052110777093895
-1.9955133971551153 0.0029910685615517933
-1.9956031292118925 0.002931247190321238
-1.9956910666276573 0.0028726222465151577
-1.9957772452948621 0.0028151698015848807
-1.995861700389136 0.0027588664055533
-1.9959444663810972 0.0027036890774424422
-1.9960255770536293 0.0026496152958931647
-1.996105065512562 0.0025966229899747136
-1.9961829642020947 0.0025446905301750406
-1.9962593049180162 0.0024937967195718842
-1.9963341188195427 0.0024439207851800634
-1.9964074364432185 0.0023950423694772613
-1.9964792877142787 0.002347141522087833
-1.9965497019599938 0.002300198691647376
-1.9966187079205786 0.002254194717815091
-1.996686333762001 0.0022091108234589514
-1.9967526070869472 0.0021649286069909354
-1.996817554945135 0.002121630034851188
-1.9968812038463617 0.0020791974341541905
-1.9969435797693724 0.0020376134854707805
-1.9970047081739346 0.0019968612157613796
-1.9970646140102915 0.0019569239914467807
-1.997123321730269 0.001917785511618201
-1.9971808552954964 0.0018794298013860334
-1.9972372381894175 0.0018418412053582023
-1.9972924934255494 0.001805004381250962
-1.9973466435569134 0.0017689042936258892
-1.997399710685671 0.0017335262077536361
-1.9974517164721364 0.00169885568359876
-1.9975026821428505 0.0016648785699267653
-1.9975526285000547 0.0016315809985282448
-1.997601575930171 0.0015989493785578423
-1.9976495444113942 0.0015669703909869047
-1.9976965535233082 0.0015356309831669767
-1.9977426224527308 0.0015049183635030038
-1.9977877700036906 0.0014748199962328333
-1.9978320146036967 0.0014453235963081798
-1.9978753743116346 0.001416417124382173
-1.9979178668254705 0.001388088781894675
-1.9979595094888343 0.0013603270062567906
-1.9980003192990576 0.0013331204661317262
-1.9980403129131659 0.0013064580568088733
-1.9980795066550117 0.0012803288956725343
-1.9981179165219478 0.0012547223177590413
-1.9981555581916448 0.0012296278714036876
-1.9981924470279204 0.0012050353139754807
-1.9982285980873153 0.0011809346076960257
-1.9982640261255085 0.0011573159155422506
-1.998298745603059 0.0011341695972312724
-1.9983327706910614 0.001111486205286548
-1.9983661152772065 0.0010892564811807635
-1.9983987929716984 0.0010674713515571685
-1.9984308171123086 0.0010461219245259431
-1.9984622007700814 0.0010251994860354559
-1.9984929567546705 0.0010046954963147188
-1.9985230976195683 0.000984601586388317
-1.99855263566723 0.0009649095546605454
-1.9985815829538804 0.00094561136356719
-1.9986099512948783 0.000926699136295804
-1.9986377522688956 0.0009081651535697917
-1.9986649972234969 0.0008900018504984304
-1.9986916972789313 0.0008722018134884254
-1.9987178633332958 0.0008547577772187027
-1.9987435060665792 0.0008376626216743206
-1.9987686359452252 0.0008209093692409171
-1.998793263226402 0.0008044911818561447
-1.998817397961826 0.0007884013582189427
-1.9988410500026035 0.0007726333310545159
-1.99886422900252 0.0007571806644334573
-1.9988869444225206 0.0007420370511447289
-1.9989092055340527 0.0007271963101217922
-1.998931021423368 0.0007126523839193284
-1.9989524009948907 0.0006983993362409764
-1.9989733529750209 0.0006844313495161687
-1.9989938859155383 0.000670742722525853
-1.9990140081972536 0.0006573278680753221
-1.9990337280332777 0.0006441813107137991
-1.9990530534726718 0.0006312976844994951
-1.9990719924031486 0.0006186717308095043
-1.9990905525550213 0.0006062982961933245
-1.9991087415039188 0.0005941723302694387
-1.9991265666738862 0.000582288883664029
-1.999144035340424 0.0005706431059907632
-1.999161154633592 0.000559230243870937
-1.999177931540915 0.0005480456389935514
-1.9991943729101067 0.0005370847262136865
-1.9992104854518709 0.0005263430316893876
-1.9992262757428834 0.000515816171055606
-1.9992417502279975 0.0005054998476344836
-1.9992569152234694 0.0004953898506818051
-1.999271776918953 0.0004854820536681588
-1.9992863413805981 0.00047577241259480886
-1.999300614552967 0.00046625696434292666
-1.999314602261904 0.0004569318250560757
-1.9993283102166928 0.00044779318855495533
-1.9993417440123928 0.0004388373247838702
-1.9993549091321265 0.00043006057828821453
-1.9993678109495143 0.0004214593667224393
-1.99938045473057 0.0004130301793880038
-1.9993928456359567 0.0004047695758002463
-1.9994049887232772 0.00039667418428424543
-1.99941688894877 0.0003887407005985695
-1.9994285511697876 0.00038096588658663124
-1.9994399801464158 0.0003733465688549005
-1.9994511805435122 0.000365879637477798
-1.9994621569326134 0.00035856204472823965
-1.9994729137939642 0.00035139080383367175
-1.9994834555180971 0.0003443629877570105
-1.9994937864077131 0.00033747572800186436
-1.9995039106795904 0.0003307262134418261
-1.999513832465998 0.0003241116891729996
-1.999523555816689 0.00031762945538954827
-1.9995330847003288 0.0003112768662817674
-1.999542423006333 0.0003050513289561304
-1.9995515745462387 0.00029895030237700644
-1.9995605430553354 0.00029297129632946357
-1.9995693321942585 0.0002871118704028726
-1.9995779455503493 0.00028136963299481526
-1.9995863866393169 0.00027574224033492263
-1.999594658906538 0.00027022739552823603
-1.9996027657284061 0.0002648228476176636
-1.9996107104138345 0.0002595263906653108
-1.9996184962055452 0.00025433586285200947
-1.9996261262814505 0.0002492491455949749
-1.9996336037558349 0.00024426416268307513
-1.999640931680742 0.00023937887942942013
-1.9996481130471093 0.00023459130184082597
-1.999655150786153 0.00022989947580401258
-1.9996620477704525 0.00022530148628793065
-1.9996688068150228 0.00022079545656217357
-1.9996754306787223 0.00021637954743093234
-1.999681922065171 0.0002120519564823161
-1.9996882836238603 0.0002078109173526651
-1.9996945179513799 0.0002036546990056073
-1.999700627592332 0.0001995816050255036
-1.9997066150404648 0.00019558997292499738
-1.9997124827396437 0.00019167817346649042
-1.999718233084849 0.00018784460999715503
-1.9997238684231544 0.00018408771779721524
-1.9997293910546863 0.0001804059634412666
-1.999734803233603 0.0001767978441724435
-1.9997401071689331 0.0001732618872889943
-1.999745305025559 0.0001697966495432154
-1.9997503989250587 0.0001664007165523537
-1.999755390946574 0.0001630727022213038
-1.9997602831276584 0.00015981124817687845
-1.9997650774651097 0.0001566150232133409
-1.9997697759158208 0.00015348272274907064
-1.999774380397507 0.00015041306829409156
-1.9997788927895594 0.00014740480692820938
-1.9997833149337767 0.000144456710789643
-1.999787648635117 0.00014156757657384747
-1.999791895662404 0.0001387362250423693
-1.999796057749145 0.00013596150054152016
-1.9998001365941722 0.00013324227053069208
-1.999804133862277 0.00013057742512007835
-1.9998080511850418 0.00012796587661767804
-1.9998118901613544 0.00012540655908532453
-1.9998156523581228 0.00012289842790361575
-1.9998193393109702 0.00012044045934554408
-1.999822952524749 0.00011803165015863286
-1.999826493474266 0.0001156710171554595
-1.9998299636047763 0.00011335759681234984
-1.9998333643326796 0.00011109044487610157
-1.9998366970460193 0.00010886863597858146
-1.9998399631051007 0.00010669126325900971
-1.999843163842996 0.00010455743799383157
-1.9998463005661384 0.0001024662892339542
-1.9998493745548063 0.00010041696344927545
-1.999852387063717 9.84086241802892e-05
-1.9998553393224456 9.644045169668294e-05
-1.999858232535997 9.451164266274983e-05
-1.999861067885274 9.262140980949543e-05
-1.9998638465275598 9.076898161330584e-05
-1.9998665695970108 8.895360198103966e-05
-1.9998692382050778 8.717452994141919e-05
-1.9998718534409816 8.543103934259024e-05
-1.9998744163721576 8.372241855573805e-05
-1.9998769280447102 8.204797018462297e-05
-1.99987938948382 8.040701078093039e-05
-1.9998818016941442 7.879887056531167e-05
-1.999884165660264 7.722289315400612e-05
-1.9998864823470501 7.567843529092535e-05
-1.99988875270011 7.416486658510659e-05
-1.9998909776461025 7.268156925340409e-05
-1.9998931580931865 7.122793786833527e-05
-1.9998952949313233 6.980337911096946e-05
-1.9998973890326912 6.840731152875057e-05
-1.999899441252039 6.703916529817577e-05
-1.999901452427004 6.569838199221212e-05
-1.99990342337847 6.438441435236775e-05
-1.9999053549109027 6.309672606532057e-05
-1.999907247812678 6.18347915440145e-05
-1.9999091028564313 6.059809571313435e-05
-1.9999109207993027 5.9386133798871813e-05
-1.9999127023833168 5.8198411122894145e-05
-1.9999144483356561 5.70344429004368e-05
-1.9999161593689465 5.589375404242836e-05
-1.9999178361815733 5.477587896157954e-05
-1.999919479457941 5.3680361382348e-05
-1.9999210898687778 5.260675415470062e-05
-1.9999226680713973 5.1554619071606744e-05
-1.9999242147099654 5.052352669017457e-05
-1.9999257304157645 4.9513056156370805e-05
-1.9999272158074508 4.852279503324364e-05
-1.999928671491307 4.755233913257851e-05
-1.9999300980614785 4.6601292349927e-05
-1.9999314961002492 4.5669266502928415e-05
-1.9999328661782465 4.4755881172869834e-05
-1.9999342088546843 4.386076354941227e-05
-1.9999355246775923 4.298354827842433e-05
-1.9999368141840392 4.212387731285567e-05
-1.9999380779003615 4.128139976659862e-05
-1.9999393163423498 4.0455771771266643e-05
-1.9999405300155064 3.9646656335841585e-05
-1.999941719415196 3.885372320912484e-05
-1.9999428850268934 3.807664874494238e-05
-1.999944027326355 3.731511577004349e-05
-1.99994514677983 3.656881345464236e-05
-1.9999462438442344 3.5837437185549335e-05
-1.9999473189673458 3.512068844183836e-05
-1.9999483725880016 3.441827467300147e-05
-1.999949405136239 3.372990917954145e-05
-1.999950417033517 3.3055310995950503e-05
-1.99995140869285 3.23942047760314e-05
-1.9999523805189923 3.174632068051071e-05
-1.9999533329086103 3.111139426690053e-05
-1.9999542662504366 3.0489166381562583e-05
-1.9999551809254288 2.9879383053931185e-05
-1.9999560773069185 2.9281795392852537e-05
-1.9999569557607775 2.8696159484995442e-05
-1.9999578166455596 2.8122236295295514e-05
-1.9999586603126476 2.7559791569389488e-05
-1.9999594871063961 2.700859573800183e-05
-1.999960297364267 2.646842382324178e-05
-1.9999610914169839 2.5939055346776936e-05
-1.9999618695886447 2.5420274239841506e-05
-1.9999626321968713 2.491186875504462e-05
-1.9999633795529324 2.4413631379943768e-05
-1.9999641119618712 2.392535875234492e-05
-1.999964829722636 2.3446851577298094e-05
-1.9999655331281845 2.297791454575213e-05
-1.999966222465621 2.251835625483709e-05
-1.9999668980163074 2.2067989129740344e-05
-1.9999675600559834 2.1626629347145605e-05
-1.9999682088548638 2.1194096760202722e-05
-1.9999688446777688 2.0770214824998667e-05
-1.9999694677842126 2.035481052849871e-05
-1.9999700784285281 1.994771431792874e-05
-1.9999706768599577 1.9548760031570126e-05
-1.9999712633227578 1.9157784830938723e-05
-1.9999718380563047 1.877462913432002e-05
-1.9999724012951783 1.8399136551633615e-05
-1.9999729532692752 1.8031153820600948e-05
-1.99997349420389 1.7670530744188943e-05
-1.9999740243198114 1.731712012930516e-05
-1.999974543833416 1.697077772671906e-05
-1.999975052956749 1.663136217218463e-05
-1.9999755518976148 1.6298734928740947e-05
-1.9999760408596614 1.5972760230166097e-05
-1.9999765200424677 1.5653305025562765e-05
-1.9999769896416173 1.534023892505147e-05
-1.9999774498487857 1.5033434146550456e-05
-1.999977900851811 1.4732765463619428e-05
-1.999978342834775 1.4438110154347037e-05
-1.9999787759780807 1.4149347951260116e-05
-1.9999792004585202 1.386636099223489e-05
-1.9999796164493493 1.3589033772390212e-05
-1.999980024120362 1.3317253096942397e-05
-1.9999804236379535 1.3050908035003568e-05
-1.9999808151651937 1.2789889874303496e-05
-1.9999811988618912 1.2534092076817424e-05
-1.9999815748846526 1.2283410235281059e-05
-1.9999819433869608 1.2037742030575462e-05
-1.9999823045192209 1.1796987189963956e-05
-1.9999826584288352 1.1561047446164676e-05
-1.9999830052602579 1.1329826497241389e-05
-1.999983345155054 1.1103229967296562e-05
-1.999983678251952 1.0881165367950637e-05
-1.9999840046869137 1.0663542060591616e-05
-1.9999843245931765 1.0450271219379778e-05
-1.9999846381013129 1.0241265794992182e-05
-1.9999849453392864 1.0036440479092322e-05
-1.9999852464325014 9.83571166951048e-06
-1.9999855415038517 9.638997436120255e-06
-1.9999858306737752 9.446217487397855e-06
-1.9999861140602995 9.257293137649884e-06
-1.9999863917790932 9.072147274896885e-06
-1.9999866639435118 8.890704329398948e-06
-1.9999869306646414 8.712890242810956e-06
-1.9999871920513488 8.538632437954735e-06
-1.9999874482103208 8.367859789195635e-06
-1.999987699246115 8.200502593411714e-06
-1.9999879452611935 8.036492541543472e-06
-1.9999881863559696 7.875762690712603e-06
-1.9999884226288498 7.718247436898348e-06
-1.9999886541762728 7.563882488160385e-06
-1.999988881092748 7.412604838397174e-06
-1.9999891034708932 7.264352741629228e-06
-1.9999893214014757 7.119065686796643e-06
-1.9999895349734456 6.976684373060703e-06
-1.9999897442739771 6.837150685599484e-06
-1.999989949388498 6.700407671887496e-06
-1.999990150400729 6.566399518449743e-06
-1.9999903473927143 6.435071528080752e-06
-1.9999905404448597 6.306370097519138e-06
-1.9999907296359622 6.180242695568753e-06
-1.9999909150432431 6.05663784165738e-06
-1.9999910967423777 5.93550508482423e-06
-1.9999912748075308 5.816794983127744e-06
-1.9999914493113795 5.700459083465192e-06
-1.9999916203251518 5.5864499017958875e-06
-1.999991787918649 5.47472090375997e-06
-1.9999919521602763 5.365226485684771e-06
-1.9999921131170708 5.257921955971075e-06
-1.9999922708547297 5.15276351685165e-06
-1.999992425437635 5.0497082465146155e-06
-1.9999925769288827 4.948714081584323e-06
-1.9999927253903051 4.849739799952637e-06
-1.9999928708824992 4.7527450039535864e-06
-1.9999930134648496 4.657690103874512e-06
-1.9999931531955524 4.5645363017970245e-06
-1.9999932901316417 4.4732455757610824e-06
-1.9999934243290092 4.383780664245864e-06
-1.9999935558424293 4.296105050960946e-06
-1.9999936847255813 4.210182949941731e-06
-1.9999938110310695 4.125979290942897e-06
-1.9999939348104485 4.0434597051240405e-06
-1.9999940561142395 3.96259051102156e-06
-1.9999941749919545 3.883338700801128e-06
-1.9999942914921154 3.805671926785108e-06
-1.9999944056622732 3.729558488249406e-06
-1.9999945175490281 3.6549673184844177e-06
-1.9999946271980475 3.58186797211473e-06
-1.9999947346540863 3.510230612672437e-06
-1.9999948399610048 3.4400260004189874e-06
-1.999994943161785 3.3712254804106074e-06
-1.9999950442985495 3.3038009708023964e-06
-1.9999951434125782 3.2377249513863473e-06
-1.9999952405443266 3.17297045235862e-06
-1.9999953357334403 3.1095110433114476e-06
-1.9999954290187716 3.0473208224452187e-06
-1.999995520438396 2.9863744059963154e-06
-1.9999956100296277 2.9266469178763897e-06
-1.9999956978290347 2.8681139795188616e-06
-1.9999957838724538 2.8107516999284846e-06
-1.9999958681950047 2.7545366659299147e-06
-1.999995950831105 2.699445932611317e-06
-1.9999960318144827 2.6454570139590896e-06
-1.9999961111781932 2.592547873679907e-06
-1.9999961889546294 2.54069691620631e-06
-1.9999962651755367 2.4898829778821836e-06
-1.9999963398720257 2.4400853183245403e-06
-1.999996413074585 2.3912836119580504e-06
-1.9999964848130933 2.3434579397188892e-06
-1.9999965551168315 2.2965887809245116e-06
-1.999996624014495 2.2506570053060213e-06
-1.999996691534205 2.2056438651999005e-06
-1.999996757703521 2.1615309878959028e-06
-1.9999968225494502 2.1183003681379852e-06
-1.9999968860984614 2.0759343607752258e-06
-1.9999969483764921 2.034415673559721e-06
-1.999997009408962 1.9937273600885266e-06
-1.9999970692207827 1.9538528128867562e-06
-1.9999971278363669 1.914775756629021e-06
-1.9999971852796394 1.8764802414964409e-06
-1.9999972415740466 1.8389506366665122e-06
-1.9999972967425657 1.8021716239331819e-06
-1.9999973508077145 1.7661281914545187e-06
-1.99999740379156 1.7308056276254284e-06
-1.999997455715729 1.6961895150729204e-06
-1.9999975066014142 1.662265724771462e-06
-1.999997556469386 1.6290204102760327e-06
-1.9999976053399982 1.5964400020705118e-06
-1.999997653233198 1.5645112020291017e-06
-1.9999977001685343 1.5332209779885198e-06
-1.9999977461651637 1.5025565584287499e-06
-1.9999977912418605 1.4725054272601748e-06
-1.9999978354170234 1.4430553187149717e-06
-1.999997878708683 1.4141942123406723e-06
-1.9999979211345094 1.3859103280938588e-06
-1.999997962711819 1.3581921215319819e-06
-1.9999980034575824 1.3310282791013424e-06
-1.9999980433884308 1.3044077135193156e-06
-1.9999980825206622 1.2783195592489292e-06
-1.9999981208702489 1.2527531680639506e-06
-1.999998158452844 1.2276981047026714e-06
-1.9999981952837869 1.2031441426086182e-06
-1.999998231378111 1.1790812597564457e-06
-1.9999982667505487 1.155499634561317e-06
-1.9999983014155378 1.1323896418700906e-06
-1.999998335387227 1.1097418490326887e-06
-1.9999983686794824 1.087547012052035e-06
-1.999998401305893 1.0657960718109945e-06
-1.9999984332797751 1.0444801503747747e-06
-1.9999984646141797 1.0235905473672794e-06
-1.999998495321896 1.0031187364199337e-06
-1.9999985254154582 9.83056361691535e-07
-1.999998554907149 9.633952344577042e-07
-1.999998583809006 9.441273297685502e-07
-1.999998612132826 9.252447831731791e-07
-1.9999986398901695 9.067398875097156e-07
-1.9999986670923662 8.886050897595212e-07
-1.999998693750519 8.708329879643309e-07
-1.9999987198755085 8.534163282050442e-07
-1.9999987454779984 8.363480016409434e-07
-1.9999987705684386 8.196210416081245e-07
-1.9999987951570697 8.03228620775962e-07
-1.9999988192539282 7.871640483604427e-07
-1.9999988428688498 7.714207673932338e-07
-1.9999988660114727 7.55992352045369e-07
-1.9999988886912432 7.408725050044617e-07
-1.9999989109174183 7.260550549043726e-07
-1.99999893269907 7.115339538062852e-07
-1.9999989540450884 6.973032747301595e-07
-1.9999989749641867 6.833572092355564e-07
-1.999998995464903 6.696900650508453e-07
-1.9999990155556049 6.562962637498284e-07
-1.9999990352444927 6.431703384748318e-07
-1.999999054539603 6.303069317053351e-07
-1.999999073448811 6.177007930712284e-07
-1.9999990919798347 6.053467772098038e-07
-1.9999991101402381 5.932398416656078e-07
-1.9999991279374334 5.813750448322957e-07
-1.9999991453786847 5.697475439356498e-07
-1.999999162471111 5.583525930569368e-07
-1.999999179221689 5.47185541195798e-07
-1.9999991956372551 5.36241830371882e-07
-1.99999921172451 5.255169937644444e-07
-1.9999992274900198 5.150066538891555e-07
-1.9999992429402194 5.047065208113724e-07
-1.999999258081415 4.946123903951449e-07
-1.9999992729197866 4.84720142587242e-07
-1.9999992874613908 4.7502573973549717e-07
-1.999999301712163 4.655252249407872e-07
-1.9999993156779197 4.5621472044197147e-07
-1.9999993293643612 4.4709042603313204e-07
-1.999999342777074 4.381486175124694e-07
-1.9999993559215326 4.2938564516222e-07
-1.999999368803102 4.207979322589756e-07
-1.9999993814270398 4.123819736137961e-07
-1.999999393798499 4.0413433414152015e-07
-1.999999405922529 3.960516474586897e-07
-1.9999994178040783 3.881306145095159e-07
-1.9999994294479968 3.803680022193256e-07
-1.999999440859037 3.7276064217493905e-07
-1.999999452041856 3.6530542933144026e-07
-1.999999463001019 3.5799932074481145e-07
-1.9999994737409985 3.508393343299152e-07
-1.9999994842661786 3.438225476433169e-07
-1.999999494580855 3.369460966904506e-07
-1.9999995046892378 3.3020717475664157e-07
-1.999999514595453 3.236030312615087e-07
-1.999999524303544 3.1713097063627856e-07
-1.9999995338174732 3.10788351223553e-07
-1.9999995431411237 3.0457258419908195e-07
-1.9999995522783012 2.984811325151003e-07
-1.9999995612327353 2.9251150986479834e-07
-1.9999995700080806 2.8666127966750234e-07
-1.999999578607919 2.809280540741523e-07
-1.9999995870357605 2.7530949299266926e-07
-1.9999995952950453 2.698033031328159e-07
-1.9999996033891445 2.644072370701596e-07
-1.9999996113213616 2.591190923287564e-07
-1.9999996190949343 2.539367104821813e-07
-1.9999996267130355 2.4885797627253765e-07
-1.999999634178775 2.438808167470869e-07
-1.9999996414951995 2.390032004121452e-07
-1.9999996486652956 2.3422313640390227e-07
-1.9999996556919897 2.2953867367582422e-07
-1.99999966257815 2.2494790020230775e-07
-1.999999669326587 2.204489421982616e-07
-1.9999996759400551 2.1603996335429638e-07
-1.999999682421254 2.1171916408721044e-07
-1.999999688772829 2.0748478080546624e-07
-1.9999996949973724 2.0333508518935692e-07
-1.9999997010974249 1.9926838348556978e-07
-1.9999997070754765 1.952830158158584e-07
-1.9999997129339668 1.9137735549954123e-07
-1.9999997186752876 1.875498083895504e-07
-1.9999997243017817 1.837988122217594e-07
-1.9999997298157461 1.801228359773242e-07
-1.9999997352194312 1.7652037925777772e-07
-1.9999997405150425 1.7298997167262216e-07
-1.9999997457047416 1.695301722391697e-07
-1.9999997507906468 1.661395687943863e-07
-1.999999755774834 1.6281677741849858e-07
-1.9999997606593372 1.5956044187012862e-07
-1.9999997654461503 1.5636923303272603e-07
-1.9999997701372274 1.532418483720715e-07
-1.9999997747344829 1.5017701140463007e-07
-1.9999997792397932 1.4717347117653747e-07
-1.9999997836549974 1.4423000175300672e-07
-1.9999997879818974 1.4134540171794658e-07
-1.9999997922222594 1.3851849368358765e-07
-1.9999997963778142 1.357481238099159e-07
-1.999999800450258 1.3303316133371759e-07
-1.9999998044412528 1.3037249810704324e-07
-1.9999998083524277 1.2776504814490237e-07
-1.9999998121853793 1.2520974718200433e-07
-1.9999998159416716 1.2270555223836423e-07
-1.9999998196228381 1.2025144119359694e-07
-1.9999998232303813 1.17846412369725e-07
-1.9999998267657737 1.154894841223305e-07
-1.9999998302304582 1.1317969443988389e-07
-1.999999833625849 1.109161005510862e-07
-1.999999836953332 1.0869777854006448e-07
-1.9999998402142654 1.0652382296926319e-07
-1.99999984340998 1.0439334650987793e-07
-1.9999998465417803 1.0230547957968037e-07
-1.9999998496109448 1.0025936998808676e-07
-1.999999852618726 9.825418258832502e-08
-1.9999998555663514 9.628909893655853e-08
-1.9999998584550243 9.436331695782736e-08
-1.9999998612859238 9.247605061867081e-08
-1.9999998640602052 9.062652960629739e-08
-1.999999866779001 8.881399901417144e-08
-1.9999998694434211 8.703771903388802e-08
-1.9999998720545527 8.529696465321025e-08
-1.9999998746134615 8.359102536014604e-08
-1.9999998771211922 8.191920485294313e-08
-1.9999998795787683 8.028082075588426e-08
-1.999999881987193 7.867520434076658e-08
-1.9999998843474491 7.710170025395125e-08
-1.9999998866605002 7.555966624887222e-08
-1.9999998889272903 7.404847292389478e-08
-1.9999998911487444 7.256750346541688e-08
-1.9999998933257697 7.111615339610854e-08
-1.9999998954592542 6.969383032818636e-08
-1.999999897550069 6.829995372162264e-08
-1.9999998995990675 6.693395464719019e-08
-1.9999999016070862 6.559527555424638e-08
-1.9999999035749445 6.428337004316145e-08
-1.9999999055034456 6.299770264229823e-08
-1.9999999073933767 6.173774858945226e-08
-1.9999999092455092 6.050299361766321e-08
-1.999999911060599 5.929293374530995e-08
-1.999999912839387 5.810707507040375e-08
-1.9999999145825993 5.694493356899567e-08
-1.9999999162909472 5.580603489761576e-08
-1.9999999179651282 5.468991419966344e-08
-1.9999999196058256 5.359611591567017e-08
-1.9999999212137092 5.2524193597356764e-08
-1.999999922789435 5.147370972540963e-08
-1.9999999243336462 5.0444235530901435e-08
-1.9999999258469732 4.9435350820283407e-08
-1.9999999273300337 4.8446643803877736e-08
-1.9999999287834331 4.747771092780018e-08
-1.9999999302077645 4.652815670924418e-08
-1.9999999316036092 4.55975935750593e-08
-1.999999932971537 4.4685641703558115e-08
-1.9999999343121062 4.379192886948695e-08
-1.999999935625864 4.2916090292097215e-08
-1.9999999369133468 4.205776848625527e-08
-1.99999993817508 4.1216613116530164e-08
-1.9999999394115784 4.039228085419956e-08
-1.9999999406233469 3.9584435237115566e-08
-1.9999999418108798 3.879274653237326e-08
-1.9999999429746622 3.801689160172579e-08
-1.999999944115169 3.7256553769691276e-08
-1.9999999452328656 3.651142269429745e-08
-1.9999999463282083 3.5781194240411505e-08
-1.999999947401644 3.506557035560328e-08
-1.9999999484536113 3.4364258948491214e-08
-1.999999949484539 3.367697376952139e-08
-1.9999999504948482 3.300343429413096e-08
-1.9999999514849514 3.234336560824834e-08
-1.9999999524552523 3.169649829608337e-08
-1.9999999534061472 3.10625683301617e-08
-1.9999999543380242 3.044131696355847e-08
-1.9999999552512637 2.98324906242873e-08
-1.9999999561462385 2.9235840811801555e-08
-1.9999999570233138 2.8651123995565524e-08
-1.9999999578828476 2.8078101515654214e-08
-1.9999999587251907 2.751653948534113e-08
-1.9999999595506868 2.6966208695634306e-08
-1.999999960359673 2.642688452172162e-08
-1.9999999611524795 2.589834683128719e-08
-1.99999996192943 2.5380379894661446e-08
-1.9999999626908413 2.4872772296768218e-08
-1.9999999634370245 2.4375316850832853e-08
-1.999999964168284 2.3887810513816195e-08
-1.9999999648849183 2.341005430353987e-08
-1.9999999655872198 2.2941853217469073e-08
-1.9999999662754755 2.248301615311969e-08
-1.999999966949966 2.2033355830057295e-08
-1.9999999676109665 2.159268871345615e-08
-1.9999999682587473 2.1160834939187025e-08
-1.9999999688935723 2.0737618240403284e-08
-1.999999969515701 2.032286587559522e-08
-1.999999970125387 1.9916408558083313e-08
-1.9999999707228793 1.9518080386921648e-08
-1.9999999713084218 1.9127718779183216e-08
-1.9999999718822534 1.8745164403599552e-08
-1.9999999724446083 1.837026111552756e-08
-1.999999972995716 1.8002855893217008e-08
-1.9999999735358018 1.7642798775352668e-08
-1.9999999740650858 1.7289942799845615e-08
-1.999999974583784 1.6944143943848703e-08
-1.9999999750921083 1.6605261064971728e-08
-1.999999975590266 1.6273155843672294e-08
-1.9999999760784606 1.5947692726798847e-08
-1.9999999765568914 1.562873887226287e-08
-1.9999999770257535 1.531616409481761e-08
-1.9999999774852384 1.5009840812921258e-08
-1.9999999779355335 1.4709643996662834e-08
-1.9999999783768228 1.4415451116729578e-08
-1.9999999788092864 1.4127142094394986e-08
-1.9999999792331007 1.3844599252507087e-08
-1.9999999796484387 1.3567707267456945e-08
-1.99999998005547 1.3296353122107805e-08
-1.9999999804543607 1.303042605966565e-08
-1.9999999808452735 1.2769817538472337e-08
-1.999999981228368 1.251442118770289e-08
-1.9999999816038005 1.2264132763948833e-08
-1.9999999819717245 1.2018850108669856e-08
-1.99999998233229 1.1778473106496458e-08
-1.9999999826856443 1.1542903644366529e-08
-1.9999999830319315 1.1312045571479198e-08
-1.999999983371293 1.1085804660049615e-08
-1.9999999837038671 1.0864088566848622e-08
-1.9999999840297897 1.0646806795511649e-08
-1.999999984349194 1.0433870659601417e-08
-1.99999998466221 1.0225193246409388e-08
-1.9999999849689658 1.00206893814812e-08
-1.9999999852695864 9.820275593851576e-09
-1.9999999855641948 9.623870081974544e-09
-1.999999985852911 9.431392680335053e-09
-1.9999999861358526 9.242764826728351e-09
-1.9999999864131355 9.057909530193785e-09
-1.9999999866848728 8.876751339589909e-09
-1.9999999869511753 8.69921631279811e-09
-1.9999999872121519 8.525231986542148e-09
-1.9999999874679089 8.354727346811306e-09
-1.9999999877185506 8.18763279987508e-09
-1.9999999879641797 8.023880143877578e-09
-1.999999988204896 7.863402541000026e-09
-1.9999999884407982 7.706134490180026e-09
-1.9999999886719821 7.552011800376424e-09
-1.9999999888985425 7.400971564368896e-09
-1.9999999891205715 7.252952133081518e-09
-1.9999999893381601 7.1078930904198875e-09
-1.999999989551397 6.96573522861149e-09
-1.9999999897603689 6.82642052403926e-09
-1.9999999899651615 6.689892113558475e-09
-1.9999999901658583 6.556094271287306e-09
-1.9999999903625412 6.424972385861559e-09
-1.9999999905552903 6.296472938144328e-09
-1.9999999907441846 6.170543479381442e-09
-1.999999990929301 6.047132609793813e-09
-1.999999991110715 5.9261899575979366e-09
-1.9999999912885007 5.807666158445978e-09
-1.9999999914627307 5.691512835277059e-09
-1.999999991633476 5.5776825785715174e-09
-1.9999999918008065 5.466128927000087e-09
-1.9999999919647904 5.356806348460086e-09
-1.9999999921254945 5.249670221490884e-09
-1.9999999922829845 5.144676817061066e-09
-1.9999999924373248 5.0417832807198445e-09
-1.9999999925885783 4.940947615105448e-09
-1.9999999927368068 4.842128662803339e-09
-1.9999999928820706 4.7452860895472725e-09
-1.9999999930244292 4.650380367756327e-09
-1.9999999931639407 4.5573727604012e-09
-1.9999999933006618 4.466225305193176e-09
-1.9999999934346486 4.376900799089313e-09
-1.9999999935659556 4.289362783107527e-09
-1.9999999936946364 4.2035755274453766e-09
-1.9999999938207438 4.119504016896469e-09
-1.999999993944329 4.03711393655854e-09
-1.9999999940654423 3.956371657827369e-09
-1.9999999941841333 3.877244224670821e-09
-1.9999999943004507 3.799699340177405e-09
-1.9999999944144418 3.723705353373857e-09
-1.9999999945261528 3.64923124630638e-09
-1.9999999946356297 3.5762466213802524e-09
-1.9999999947429172 3.5047216889526472e-09
-1.999999994848059 3.4346272551735942e-09
-1.9999999949510978 3.3659347100701224e-09
-1.999999995052076 3.29861601586872e-09
-1.9999999951510343 3.232643695551346e-09
-1.9999999952480136 3.167990821640319e-09
-1.9999999953430534 3.1046310052075124e-09
-1.9999999954361922 3.0425383851033623e-09
-1.9999999955274683 2.981687617401295e-09
-1.999999995616919 2.922053865053269e-09
-1.9999999957045806 2.8636127877522037e-09
-1.999999995790489 2.8063405319971595e-09
-1.9999999958746792 2.7502137213572162e-09
-1.9999999959571857 2.695209446930072e-09
-1.999999996038042 2.6413052579914705e-09
-1.999999996117281 2.588479152831641e-09
-1.9999999961949353 2.536709569775008e-09
-1.9999999962710366 2.485975378379508e-09
-1.9999999963456159 2.436255870811918e-09
-1.9999999964187036 2.3875307533956796e-09
-1.9999999964903297 2.339780138327766e-09
-1.999999996560523 2.2929845355612107e-09
-1.9999999966293127 2.2471248448499866e-09
-1.9999999966967266 2.2021823479529868e-09
-1.999999996762792 2.158138700993927e-09
-1.9999999968275362 2.1149759269740488e-09
-1.9999999968909854 2.072676408434568e-09
-1.9999999969531657 2.0312228802658765e-09
-1.9999999970141022 1.990598422660559e-09
-1.9999999970738203 1.950786454207348e-09
-1.9999999971323439 1.9117707251232012e-09
-1.9999999971896971 1.873535310620737e-09
-1.9999999972459033 1.8360646044083224e-09
-1.9999999973009852 1.799343312320156e-09
-1.9999999973549656 1.7633564460737528e-09
-1.9999999974078664 1.7280893171522778e-09
-1.9999999974597091 1.6935275308092322e-09
-1.999999997510515 1.6596569801930476e-09
-1.9999999975603047 1.6264638405891866e-09
-1.9999999976090985 1.593934563777403e-09
-1.9999999976569165 1.5620558725018548e-09
-1.9999999977037781 1.5308147550518177e-09
-1.9999999977497025 1.5001984599507813e-09
-1.9999999977947085 1.4701944907517657e-09
-1.9999999978388143 1.4407906009367305e-09
-1.999999997882038 1.411974788917996e-09
-1.9999999979243972 1.383735293139636e-09
-1.9999999979659093 1.3560605872768432e-09
-1.9999999980065912 1.3289393755313063e-09
-1.9999999980464593 1.3023605880206802e-09
-1.99999999808553 1.2763133762602667e-09
-1.9999999981238195 1.2507871087350613e-09
-1.999999998161343 1.22577136656036e-09
-1.9999999981981162 1.2012559392291528e-09
-1.9999999982341539 1.1772308204445697e-09
-1.9999999982694707 1.1536862040356783e-09
-1.9999999983040813 1.1306124799549647e-09
-1.9999999983379997 1.1080002303558654e-09
-1.9999999983712398 1.085840225748748e-09
-1.999999998403815 1.0641234212337732e-09
-1.9999999984357388 1.0428409528090977e-09
-1.999999998467024 1.0219841337529158e-09
-1.9999999984976835 1.0015444510778575e-09
-1.99999999852773 9.815135620563003e-10
-1.9999999985571753 9.618832908151743e-10
-1.9999999985860317 9.426456249988708e-10
-1.999999998614311 9.237927124988933e-10
-1.999999998642025 9.053168582489154e-10
-1.9999999986691845 8.872105210839371e-10
-1.9999999986958008 8.694663106622584e-10
-1.9999999987218848 8.520769844490132e-10
-1.999999998747447 8.35035444760033e-10
-1.9999999987724981 8.183347358648323e-10
-1.9999999987970483 8.019680411475357e-10
-1.9999999988211072 7.85928680324585e-10
-1.999999998844685 7.702101067180932e-10
-1.9999999988677915 7.548059045837313e-10
-1.9999999988904356 7.397097864920567e-10
-1.999999998912627 7.249155907622155e-10
-1.9999999989343744 7.104172789469712e-10
-1.999999998955687 6.962089333680317e-10
-1.999999998976573 6.822847547006711e-10
-1.9999999989970416 6.686390596066577e-10
-1.9999999990171007 6.552662784145245e-10
-1.9999999990367587 6.421609528462341e-10
-1.9999999990560235 6.293177337893094e-10
-1.9999999990749031 6.167313791135232e-10
-1.999999999093405 6.043967515312528e-10
-1.999999999111537 5.923088165006277e-10
-1.9999999991293063 5.804626401706152e-10
-1.99999999914672 5.688533873672029e-10
-1.9999999991637858 5.574763196198589e-10
-1.99999999918051 5.463267932274618e-10
-1.9999999991968997 5.354002573629125e-10
-1.9999999992129618 5.246922522156542e-10
-1.9999999992287025 5.141984071713411e-10
-1.9999999992441284 5.039144390279143e-10
-1.9999999992592459 4.93836150247356e-10
-1.999999999274061 4.839594272424089e-10
-1.9999999992885797 4.742802386975607e-10
-1.9999999993028081 4.6479463392360944e-10
-1.9999999993167519 4.5549874124513724e-10
-1.999999999330417 4.463887664202345e-10
-1.9999999993438087 4.3746099109182983e-10
-1.9999999993569324 4.2871177126999323e-10
-1.9999999993697937 4.2013753584459337e-10
-1.9999999993823978 4.117347851277015e-10
-1.99999999939475 4.0350008942514746e-10
-1.999999999406855 3.954300876366445e-10
-1.9999999994187179 3.8752148588391163e-10
-1.9999999994303435 3.797710561662334e-10
-1.9999999994417366 3.721756350429087e-10
-1.9999999994529019 3.647321223420505e-10
-1.9999999994638438 3.574374798952095e-10
-1.999999999474567 3.502887302973053e-10
-1.9999999994850757 3.432829556913592e-10
-1.999999999495374 3.364172965775321e-10
-1.9999999995054667 3.2968895064598143e-10
-1.9999999995153575 3.230951716330618e-10
-1.9999999995250504 3.1663326820040055e-10
-1.9999999995345494 3.1030060283639254e-10
-1.9999999995438584 3.040945907796647e-10
-1.9999999995529814 2.980126989640714e-10
-1.9999999995619218 2.9205244498478993e-10
-1.9999999995706834 2.8621139608509413e-10
-1.9999999995792697 2.8048716816339226e-10
-1.9999999995876843 2.748774248001244e-10
-1.9999999995959306 2.693798763041219e-10
-1.9999999996040119 2.639922787780395e-10
-1.9999999996119315 2.587124332024787e-10
-1.9999999996196929 2.5353818453842915e-10
-1.999999999627299 2.484674208476606e-10
-1.999999999634753 2.4349807243070737e-10
-1.999999999642058 2.3862811098209323e-10
-1.999999999649217 2.338555487624514e-10
-1.9999999996562328 2.2917843778720235e-10
-1.9999999996631082 2.245948690314583e-10
-1.999999999669846 2.2010297165082915e-10
-1.9999999996764493 2.1570091221781258e-10
-1.9999999996829203 2.113868939734563e-10
-1.999999999689262 2.0715915609398717e-10
-1.9999999996954767 2.030159729721074e-10
-1.9999999997015672 1.9895565351266524e-10
-1.9999999997075357 1.9497654044241192e-10
-1.999999999713385 1.9107700963356369e-10
-1.9999999997191173 1.872554694408924e-10
-1.999999999724735 1.8351036005207458e-10
-1.9999999997302405 1.7984015285103312e-10
-1.9999999997356357 1.7624334979401245e-10
-1.999999999740923 1.727184827981322e-10
-1.9999999997461047 1.6926411314216953e-10
-1.9999999997511826 1.6587883087932617e-10
-1.9999999997561588 1.6256125426173966e-10
-1.9999999997610356 1.5931002917650486e-10
-1.9999999997658149 1.5612382859297477e-10
-1.9999999997704987 1.5300135202111528e-10
-1.9999999997750888 1.49941324980693e-10
-1.999999999779587 1.4694249848107914e-10
-1.9999999997839952 1.4400364851145757e-10
-1.9999999997883153 1.411235755412284e-10
-1.999999999792549 1.3830110403040384e-10
-1.9999999997966982 1.3553508194979577e-10
-1.9999999998007643 1.3282438031079986e-10
-1.999999999804749 1.3016789270458386e-10
-1.9999999998086542 1.2756453485049218e-10
-1.999999999812481 1.250132441534823e-10
-1.9999999998162314 1.2251297927041268e-10
-1.9999999998199067 1.2006271968500444e-10
-1.9999999998235085 1.1766146529130434e-10
-1.9999999998270384 1.1530823598547827e-10
-1.9999999998304976 1.1300207126576871e-10
-1.9999999998338875 1.1074202984045333e-10
-1.9999999998372098 1.0852718924364426e-10
-1.9999999998404656 1.0635664545877139e-10
-1.9999999998436564 1.0422951254959595e-10
-1.9999999998467832 1.0214492229860404e-10
-1.9999999998498477 1.0010202385263197e-10
-1.9999999998528508 9.809998337557931e-11
-1.9999999998557938 9.613798370806774e-11
-1.999999999858678 9.421522403390639e-11
-1.9999999998615043 9.233091955322826e-11
-1.9999999998642743 9.04843011621637e-11
-1.9999999998669888 8.867461513892043e-11
-1.9999999998696492 8.690112283614202e-11
-1.9999999998722562 8.516310037941918e-11
-1.999999999874811 8.34598383718308e-11
-1.9999999998773148 8.179064160439416e-11
-1.9999999998797686 8.015482877230626e-11
-1.9999999998821731 7.855173219686013e-11
-1.9999999998845297 7.698069755292295e-11
-1.9999999998868392 7.544108360186448e-11
-1.9999999998891025 7.393226192982719e-11
-1.9999999998913205 7.245361669123065e-11
-1.999999999893494 7.100454435740603e-11
-1.9999999998956242 6.958445347025792e-11
-1.9999999998977116 6.819276440085275e-11
-1.9999999998997573 6.68289091128357e-11
-1.9999999999017621 6.549233093057896e-11
-1.9999999999037268 6.418248431196739e-11
-1.9999999999056524 6.289883462572805e-11
-1.9999999999075393 6.16408579332135e-11
-1.9999999999093885 6.040804077454922e-11
-1.9999999999112008 5.919987995905825e-11
-1.9999999999129767 5.8015882359877086e-11
-1.999999999914717 5.685556471267955e-11
-1.9999999999164229 5.571845341842596e-11
-1.9999999999180944 5.4604084350057416e-11
-1.9999999999197324 5.351200266305625e-11
-1.9999999999213378 5.244176260979513e-11
-1.999999999922911 5.1392927357599206e-11
-1.9999999999244529 5.036506881044724e-11
-1.999999999925964 4.9357767434238293e-11
-1.9999999999274447 4.837061208555354e-11
-1.9999999999288958 4.740319984384247e-11
-1.999999999930318 4.645513584696563e-11
-1.9999999999317115 4.552603313002633e-11
-1.9999999999330773 4.46155124674258e-11
-1.9999999999344158 4.37232022180773e-11
-1.9999999999357274 4.284873817371576e-11
-1.9999999999370128 4.1991763410241445e-11
-1.9999999999382725 4.1151928142036633e-11
-1.999999999939507 4.032888957919592e-11
-1.999999999940717 3.9522311787612014e-11
-1.9999999999419027 3.873186555185978e-11
-1.9999999999430647 3.795722824082259e-11
-1.9999999999442033 3.719808367600614e-11
-1.9999999999453193 3.645412200248602e-11
-1.9999999999464129 3.572503956243629e-11
-1.9999999999474847 3.501053877118756e-11
-1.999999999948535 3.431032799576381e-11
-1.9999999999495643 3.362412143584854e-11
-1.999999999950573 3.295163900713155e-11
-1.9999999999515616 3.2292606226988937e-11
-1.9999999999525304 3.1646754102449145e-11
-1.9999999999534799 3.101381902040018e-11
-1.9999999999544102 3.0393542639992187e-11
-1.999999999955322 2.978567178719235e-11
-1.9999999999562155 2.9189958351448505e-11
-1.9999999999570912 2.8606159184419547e-11
-1.9999999999579494 2.8034036000731156e-11
-1.9999999999587905 2.7473355280716557e-11
-1.9999999999596147 2.692388817510223e-11
-1.9999999999604225 2.638541041160017e-11
-1.9999999999612141 2.585770220336816e-11
-1.99999999996199 2.5340548159300804e-11
-1.9999999999627502 2.4833737196114783e-11
-1.9999999999634952 2.4337062452192477e-11
-1.9999999999642253 2.3850321203148632e-11
-1.9999999999649407 2.3373314779085662e-11
-1.999999999965642 2.2905848483503956e-11
-1.9999999999663292 2.2447731513833894e-11
-1.9999999999670026 2.1998776883557213e-11
-1.9999999999676625 2.1558801345886074e-11
-1.9999999999683093 2.1127625318968358e-11
-1.999999999968943 2.0705072812589008e-11
-1.9999999999695641 2.0290971356337223e-11
-1.9999999999701727 1.9885151929210502e-11
-1.9999999999707694 1.948744889062629e-11
-1.999999999971354 1.9097699912813756e-11
-1.999999999971927 1.871574591455749e-11
-1.9999999999724885 1.8341430996266343e-11
-1.9999999999730387 1.7974602376341017e-11
-1.9999999999735778 1.7615110328814208e-11
-1.9999999999741063 1.726280812223793e-11
-1.999999999974624 1.6917551959793155e-11
-1.9999999999751317 1.6579200920597285e-11
-1.999999999975629 1.6247616902185343e-11
-1.9999999999761164 1.5922664564141635e-11
-1.999999999976594 1.5604211272858822e-11
-1.9999999999770621 1.5292127047401665e-11
-1.9999999999775209 1.4986284506453626e-11
-1.9999999999779705 1.4686558816324536e-11
-1.999999999978411 1.439282763999803e-11
-1.999999999978843 1.4104971087198082e-11
-1.9999999999792661 1.3822871665454113e-11
-1.999999999979681 1.3546414232145021e-11
-1.9999999999800873 1.3275485947502107e-11
-1.9999999999804856 1.3009976228552064e-11
-1.999999999980876 1.2749776703981034e-11
-1.9999999999812585 1.249478116990141e-11
-1.9999999999816334 1.2244885546503382e-11
-1.9999999999820006 1.1999987835573338e-11
-1.9999999999823606 1.1759988078861848e-11
-1.9999999999827134 1.1524788317284609e-11
-1.999999999983059 1.1294292550938915e-11
-1.999999999983398 1.1068406699920132e-11
-1.99999999998373 1.0847038565921737e-11
-1.9999999999840552 1.0630097794603284e-11
-1.999999999984374 1.0417495838711234e-11
-1.9999999999846865 1.0209145921937025e-11
-1.9999999999849927 1.0004963003498268e-11
-1.9999999999852929 9.804863743428298e-12
-1.999999999985587 9.608766468559754e-12
-1.9999999999858753 9.416591139188562e-12
-1.9999999999861577 9.228259316404788e-12
-1.9999999999864346 9.043694130076701e-12
-1.999999999986706 8.862820247475167e-12
-1.9999999999869718 8.685563842525673e-12
-1.9999999999872322 8.511852565675168e-12
-1.9999999999874876 8.341615514361685e-12
-1.9999999999877378 8.174783204074465e-12
-1.999999999987983 8.011287539992986e-12
-1.9999999999882232 7.851061789193118e-12
-1.9999999999884588 7.69404055340927e-12
-1.9999999999886897 7.540159742341076e-12
-1.999999999988916 7.389356547494253e-12
-1.9999999999891376 7.241569416544364e-12
-1.9999999999893547 7.096738028213487e-12
-1.9999999999895677 6.954803267649214e-12
-1.9999999999897764 6.8157072022962435e-12
-1.999999999989981 6.679393058250324e-12
-1.9999999999901812 6.545805197085326e-12
-1.9999999999903775 6.4148890931436124e-12
-1.99999999999057 6.286591311280758e-12
-1.9999999999907585 6.160859485055156e-12
-1.9999999999909432 6.037642295354076e-12
-1.9999999999911244 5.9168894494469925e-12
-1.9999999999913018 5.798551660458067e-12
-1.9999999999914757 5.6825806272489055e-12
-1.9999999999916462 5.568929014703921e-12
-1.9999999999918132 5.457550434409853e-12
-1.9999999999919769 5.3483994257216494e-12
-1.9999999999921374 5.241431437207224e-12
-1.9999999999922946 5.136602808463082e-12
-1.9999999999924487 5.0338707522938125e-12
-1.9999999999925997 4.933193337247943e-12
-1.9999999999927478 4.834529470502999e-12
-1.9999999999928928 4.737838881092937e-12
-1.999999999993035 4.643082103471068e-12
-1.9999999999931741 4.550220461401668e-12
-1.9999999999933107 4.459216052173631e-12
-1.9999999999934446 4.37003173113017e-12
-1.9999999999935756 4.2826310965075576e-12
-1.9999999999937041 4.1969784745774065e-12
-1.99999999999383 4.113038905085841e-12
-1.9999999999939535 4.030778126984136e-12
-1.9999999999940745 3.950162564444445e-12
-1.999999999994193 3.871159313155557e-12
-1.9999999999943092 3.793736126892444e-12
-1.9999999999944231 3.717861404354588e-12
-1.9999999999945346 3.643504176267521e-12
-1.9999999999946438 3.570634092742163e-12
-1.9999999999947509 3.4992214108873323e-12
-1.999999999994856 3.4292369826695778e-12
-1.9999999999949587 3.3606522430161883e-12
-1.9999999999950595 3.2934391981558744e-12
-1.9999999999951583 3.2275704141927657e-12
-1.9999999999952551 3.1630190059089257e-12
-1.99999999999535 3.0997586257907323e-12
-1.999999999995443 3.037763453274919e-12
-1.999999999995534 2.9770081842094244e-12
-1.9999999999956233 2.917468020525225e-12
-1.9999999999957108 2.8591186601147355e-12
-1.9999999999957965 2.801936286912444e-12
-1.9999999999958806 2.74589756117418e-12
-1.999999999995963 2.6909796099506933e-12
-1.9999999999960438 2.6371600177516942e-12
-1.9999999999961229 2.584416817396642e-12
-1.9999999999962004 2.5327284810487103e-12
-1.9999999999962763 2.4820739114277384e-12
-1.9999999999963507 2.4324324331992062e-12
-1.9999999999964237 2.3837837845352065e-12
-1.9999999999964952 2.3361081088444905e-12
-1.9999999999965654 2.2893859466676123e-12
-1.999999999996634 2.2435982277342742e-12
-1.9999999999967013 2.19872626317959e-12
-1.9999999999967673 2.1547517379159915e-12
-1.9999999999968319 2.1116567031576574e-12
-1.9999999999968952 2.069423569094506e-12
-1.9999999999969573 2.0280350977126226e-12
-1.9999999999970182 1.9874743957583777e-12
-1.999999999997078 1.9477249078431982e-12
-1.9999999999971363 1.908770409686312e-12
-1.9999999999971936 1.870595001492572e-12
-1.9999999999972498 1.8331831014627112e-12
-1.9999999999973048 1.7965194394334486e-12
-1.9999999999973588 1.7605890506447747e-12
-1.9999999999974116 1.7253772696318671e-12
-1.9999999999974634 1.6908697242392159e-12
-1.999999999997514 1.657052329754439e-12
-1.9999999999975637 1.623911283159362e-12
-1.9999999999976124 1.5914330574961728e-12
-1.99999999999766 1.559604396346239e-12
-1.999999999997707 1.5284123084193053e-12
-1.999999999997753 1.497844062250934e-12
-1.9999999999977978 1.467887181005909e-12
-1.9999999999978417 1.4385294373857887e-12
-1.9999999999978848 1.4097588486380629e-12
-1.9999999999979272 1.3815636716653057e-12
-1.9999999999979687 1.3539323982320124e-12
-1.9999999999980094 1.3268537502673628e-12
-1.9999999999980491 1.3003166752620108e-12
-1.9999999999980882 1.2743103417567656e-12
-1.9999999999981264 1.248824134921617e-12
-1.999999999998164 1.223847652223187e-12
-1.9999999999982006 1.1993706991787209e-12
-1.9999999999982365 1.1753832851951366e-12
-1.9999999999982718 1.1518756194912233e-12
-1.9999999999983065 1.1288381071013912e-12
-1.9999999999983404 1.1062613449593596e-12
-1.9999999999983735 1.084136118060172e-12
-1.9999999999984062 1.0624533956989639e-12
-1.9999999999984381 1.0412043277850048e-12
-1.9999999999984694 1.0203802412293176e-12
-1.9999999999985 9.999726364047268e-13
-1.99999999999853 9.79973183676637e-13
-1.9999999999985594 9.603737200031148e-13
-1.9999999999985882 9.411662456030378e-13
-1.9999999999986164 9.223429206909568e-13
-1.9999999999986442 9.038960622771222e-13
-1.9999999999986713 8.858181410315849e-13
-1.999999999998698 8.681017782109551e-13
-1.999999999998724 8.507397426467459e-13
-1.9999999999987494 8.33724947793835e-13
-1.9999999999987745 8.17050448837972e-13
-1.999999999998799 8.007094398612199e-13
-1.999999999998823 7.84695251064002e-13
-1.9999999999988465 7.690013460427179e-13
-1.9999999999988696 7.536213191218709e-13
-1.9999999999988922 7.385488927394247e-13
-1.9999999999989144 7.237779148846443e-13
-1.9999999999989362 7.093023565869494e-13
-1.9999999999989575 6.951163094551934e-13
-1.9999999999989784 6.812139832660832e-13
-1.9999999999989988 6.67589703600768e-13
-1.9999999999990188 6.542379095287584e-13
-1.9999999999990383 6.411531513381835e-13
-1.9999999999990576 6.283300883114284e-13
-1.9999999999990765 6.157634865452069e-13
-1.999999999999095 6.034482168143098e-13
-1.9999999999991132 5.913792524780191e-13
-1.999999999999131 5.795516674284682e-13
-1.9999999999991482 5.679606340799069e-13
-1.9999999999991653 5.566014213983071e-13
-1.999999999999182 5.454693929703346e-13
-1.9999999999991984 5.345600051109254e-13
-1.9999999999992144 5.238688050087057e-13
-1.9999999999992302 5.133914289085346e-13
-1.9999999999992455 5.031236003303701e-13
-1.9999999999992606 4.930611283237851e-13
-1.9999999999992755 4.831999057573086e-13
-1.99999999999929 4.735359076421602e-13
-1.9999999999993041 4.640651894892964e-13
-1.999999999999318 4.547838856995181e-13
-1.9999999999993316 4.456882079855247e-13
-1.999999999999345 4.3677444382580553e-13
-1.999999999999358 4.2803895494930323e-13
-1.999999999999371 4.1947817585031017e-13
-1.9999999999993836 4.1108861233329213e-13
-1.999999999999396 4.028668400866224e-13
-1.999999999999408 3.9480950328488625e-13
-1.9999999999994198 3.8691331321918564e-13
-1.9999999999994313 3.7917504695479887e-13
-1.9999999999994427 3.715915460157152e-13
-1.9999999999994538 3.641597150954078e-13
-1.9999999999994647 3.568765207934888e-13
-1.9999999999994753 3.4973899037762706e-13
-1.9999999999994857 3.4274421057008223e-13
-1.999999999999496 3.3588932635868233e-13
-1.999999999999506 3.291715398315e-13
-1.999999999999516 3.2258810903488004e-13
-1.9999999999995257 3.1613634685419777e-13
-1.9999999999995353 3.098136199171169e-13
-1.9999999999995446 3.03617347518751e-13
-1.9999999999995537 2.975450005683731e-13
-1.9999999999995626 2.9159410055701155e-13
-1.9999999999995712 2.85762218545866e-13
-1.99999999999958 2.8004697417494795e-13
-1.9999999999995883 2.74446034691458e-13
-1.9999999999995965 2.6895711399763473e-13
-1.9999999999996045 2.635779717176866e-13
-1.9999999999996125 2.5830641228331906e-13
-1.9999999999996203 2.5314028403765807e-13
-1.9999999999996279 2.4807747835691657e-13
-1.9999999999996354 2.4311592878977104e-13
-1.9999999999996427 2.3825361021398463e-13
-1.9999999999996498 2.3348853800969806e-13
-1.999999999999657 2.2881876724950404e-13
-1.9999999999996638 2.242423919045192e-13
-1.9999999999996705 2.1975754406643734e-13
-1.9999999999996771 2.1536239318510884e-13
-1.9999999999996836 2.1105514532138973e-13
-1.99999999999969 2.0683404241497096e-13
-1.9999999999996962 2.02697361566667e-13
-1.9999999999997022 1.9864341433533708e-13
-1.9999999999997082 1.9467054604862035e-13
-1.999999999999714 1.9077713512765879e-13
-1.9999999999997198 1.8696159242510455e-13
-1.9999999999997253 1.8322236057661032e-13
-1.9999999999997309 1.7955791336508317e-13
-1.9999999999997362 1.7596675509776788e-13
-1.9999999999997415 1.724474199957959e-13
-1.9999999999997466 1.6899847159586917e-13
-1.9999999999997518 1.6561850216395436e-13
-1.9999999999997566 1.6230613212067371e-13
-1.9999999999997615 1.590600094782514e-13
-1.9999999999997662 1.5587880928866828e-13
-1.9999999999997708 1.5276123310289253e-13
-1.9999999999997755 1.4970600844082235e-13
-1.99999999999978 1.4671188827199856e-13
-1.9999999999997844 1.4377765050657406e-13
-1.9999999999997886 1.409020974964579e-13
-1.9999999999997928 1.3808405554653413e-13
-1.999999999999797 1.3532237443559196e-13
-1.999999999999801 1.326159269468842e-13
-1.999999999999805 1.299636084079418e-13
-1.999999999999809 1.2736433623977711e-13
-1.9999999999998128 1.2481704951496248e-13
-1.9999999999998166 1.2232070852465092e-13
-1.9999999999998204 1.1987429435414972e-13
-1.999999999999824 1.1747680846708021e-13
-1.9999999999998275 1.1512727229775972e-13
-1.999999999999831 1.1282472685179734e-13
-1.9999999999998344 1.1056823231475488e-13
-1.9999999999998377 1.0835686766845077e-13
-1.999999999999841 1.0618973031509757e-13
-1.9999999999998441 1.0406593570878463e-13
-1.9999999999998472 1.0198461699462062e-13
-1.9999999999998503 9.994492465472499e-14
-1.9999999999998532 9.794602616161454e-14
-1.9999999999998561 9.598710563837275e-14
-1.999999999999859 9.406736352561863e-14
-1.9999999999998619 9.218601625511776e-14
-1.9999999999998646 9.03422959300026e-14
-1.9999999999998672 8.853545001139503e-14
-1.9999999999998699 8.676474101118327e-14
-1.9999999999998725 8.502944619097774e-14
-1.999999999999875 8.332885726715497e-14
-1.9999999999998774 8.166228012181593e-14
-1.9999999999998799 8.00290345193774e-14
-1.9999999999998823 7.842845382898663e-14
-1.9999999999998848 7.68598847523873e-14
-1.999999999999887 7.532268705735222e-14
-1.9999999999998892 7.381623331620329e-14
-1.9999999999998914 7.233990864986526e-14
-1.9999999999998936 7.089311047685779e-14
-1.9999999999998959 6.947524826732504e-14
-1.9999999999998979 6.808574330197864e-14
-1.9999999999998999 6.672402843593767e-14
-1.9999999999999019 6.538954786723391e-14
-1.9999999999999039 6.408175690990785e-14
-1.9999999999999059 6.2800121771704e-14
-1.9999999999999076 6.154411933628243e-14
-1.9999999999999094 6.031323694954149e-14
-1.9999999999999112 5.910697221056448e-14
-1.999999999999913 5.792483276637132e-14
-1.9999999999999147 5.6766336111054246e-14
-1.9999999999999165 5.563100938885096e-14
-1.9999999999999183 5.4518389201080655e-14
-1.9999999999999198 5.3428021417083624e-14
-1.9999999999999214 5.2359460988726e-14
-1.999999999999923 5.1312271768949424e-14
-1.9999999999999245 5.028602633357153e-14
-1.999999999999926 4.928030580690797e-14
-1.9999999999999276 4.829469969077768e-14
-1.9999999999999292 4.732880569695742e-14
-1.9999999999999305 4.638222958301126e-14
-1.9999999999999318 4.5454584991337726e-14
-1.9999999999999332 4.454549329150925e-14
-1.9999999999999345 4.3654583425680316e-14
-1.9999999999999358 4.2781491757155555e-14
-1.9999999999999372 4.192586192201006e-14
-1.9999999999999385 4.108734468355523e-14
-1.9999999999999398 4.026559778987347e-14
-1.999999999999941 3.9460285834066e-14
-1.999999999999942 3.8671080117371044e-14
-1.9999999999999432 3.7897658515019915e-14
-1.9999999999999443 3.7139705344740126e-14
-1.9999999999999454 3.63969112378393e-14
-1.9999999999999465 3.5668973013093194e-14
-1.9999999999999476 3.4955593552825804e-14
-1.9999999999999487 3.425648168178527e-14
-1.9999999999999498 3.357135204812914e-14
-1.999999999999951 3.28999250071559e-14
-1.9999999999999518 3.2241926507021645e-14
-1.9999999999999527 3.159708797689702e-14
-1.9999999999999536 3.09651462173658e-14
-1.9999999999999545 3.034584329299889e-14
-1.9999999999999554 2.9738926427145296e-14
-1.9999999999999563 2.914414789860894e-14
-1.9999999999999571 2.856126494063338e-14
-1.999999999999958 2.7990039641822135e-14
-1.999999999999959 2.743023884896974e-14
-1.9999999999999598 2.6881634071985644e-14
-1.9999999999999607 2.634400139052204e-14
-1.9999999999999616 2.5817121362727576e-14
-1.9999999999999623 2.5300778935456908e-14
-1.999999999999963 2.4794763356746708e-14
-1.9999999999999636 2.429886808961518e-14
-1.9999999999999643 2.3812890727846795e-14
-1.999999999999965 2.3336632913299054e-14
-1.9999999999999656 2.2869900255029034e-14
-1.9999999999999662 2.2412502249925407e-14
-1.999999999999967 2.1964252204936922e-14
-1.9999999999999676 2.1524967160822894e-14
-1.9999999999999682 2.109446781759942e-14
-1.999999999999969 2.0672578461242896e-14
-1.9999999999999696 2.0259126892014825e-14
-1.9999999999999702 1.9853944354159736e-14
-1.999999999999971 1.945686546707548e-14
-1.9999999999999716 1.9067728157740847e-14
-1.9999999999999722 1.8686373594574215e-14
-1.999999999999973 1.8312646122690107e-14
-1.9999999999999734 1.7946393200222835e-14
-1.9999999999999738 1.7587465336238326e-14
-1.9999999999999742 1.7235716029497938e-14
-1.9999999999999747 1.689100170890973e-14
-1.9999999999999751 1.6553181674724188e-14
-1.9999999999999756 1.6222118041210608e-14
-1.999999999999976 1.5897675680408825e-14
-1.9999999999999765 1.5579722166815633e-14
-1.999999999999977 1.5268127723493976e-14
-1.9999999999999774 1.4962765169009304e-14
-1.9999999999999778 1.46635098656398e-14
-1.9999999999999782 1.43702396683228e-14
-1.9999999999999787 1.4082834874966033e-14
-1.9999999999999791 1.3801178177470282e-14
-1.9999999999999796 1.3525154613918326e-14
-1.99999999999998 1.3254651521632446e-14
-1.9999999999999805 1.2989558491199727e-14
-1.999999999999981 1.2729767321382446e-14
-1.9999999999999813 1.2475171974954893e-14
-1.9999999999999818 1.2225668535458372e-14
-1.9999999999999822 1.198115516473375e-14
-1.9999999999999827 1.17415320614218e-14
-1.9999999999999831 1.1506701420191474e-14
-1.9999999999999836 1.1276567391803623e-14
-1.9999999999999838 1.1051036043977076e-14
-1.999999999999984 1.0830015323081914e-14
-1.9999999999999842 1.0613415016618551e-14
-1.9999999999999845 1.0401146716275854e-14
-1.9999999999999847 1.019312378194878e-14
-1.999999999999985 9.98926130631023e-15
-1.9999999999999851 9.78947608018528e-15
-1.9999999999999853 9.593686558587129e-15
-1.9999999999999856 9.401812827431363e-15
-1.9999999999999858 9.21377657087059e-15
-1.999999999999986 9.029501039464523e-15
-1.9999999999999862 8.848911018680954e-15
-1.9999999999999865 8.671932798323147e-15
-1.9999999999999867 8.498494142379113e-15
-1.999999999999987 8.32852425954089e-15
-1.9999999999999871 8.161953774360757e-15
-1.9999999999999873 7.998714698878931e-15
-1.9999999999999876 7.838740404879942e-15
-1.9999999999999878 7.681965596802456e-15
-1.999999999999988 7.528326284855914e-15
-1.9999999999999882 7.37775975915459e-15
-1.9999999999999885 7.230204563967458e-15
-1.9999999999999887 7.085600472687709e-15
-1.999999999999989 6.943888463240668e-15
-1.9999999999999891 6.8050106939714835e-15
-1.9999999999999893 6.668910480087021e-15
-1.9999999999999896 6.535532270486535e-15
-1.9999999999999898 6.404821625080374e-15
-1.99999999999999 6.2767251925884575e-15
-1.9999999999999902 6.1511906887357916e-15
-1.9999999999999905 6.028166874985656e-15
-1.9999999999999907 5.907603537487858e-15
-1.999999999999991 5.789451466746634e-15
-1.9999999999999911 5.673662437404353e-15
-1.9999999999999913 5.560189188662152e-15
-1.9999999999999916 5.448985404890825e-15
-1.9999999999999918 5.340005696787645e-15
-1.999999999999992 5.233205582855793e-15
-1.9999999999999922 5.128541471214655e-15
-1.9999999999999925 5.0259706418071665e-15
-1.9999999999999927 4.925451228987663e-15
-1.999999999999993 4.826942204407509e-15
-1.9999999999999931 4.730403360322598e-15
-1.9999999999999933 4.63579529310764e-15
-1.9999999999999936 4.543079387250215e-15
-1.9999999999999938 4.4522177994937264e-15
-1.999999999999994 4.363173443509738e-15
-1.9999999999999942 4.275909974628224e-15
-1.9999999999999944 4.190391775130296e-15
-1.9999999999999947 4.106583939615378e-15
-1.9999999999999947 4.024452260806788e-15
-1.9999999999999947 3.9439632155972006e-15
-1.9999999999999947 3.8650839512926316e-15
-1.9999999999999947 3.787782272261746e-15
-1.9999999999999947 3.712026626816772e-15
-1.9999999999999947 3.63778609429294e-15
-1.9999999999999947 3.5650303724091625e-15
-1.9999999999999947 3.4937297649761296e-15
-1.9999999999999947 3.42385516966231e-15
-1.9999999999999947 3.355378066272799e-15
-1.9999999999999947 3.2882705049537254e-15
-1.9999999999999947 3.2225050948516035e-15
-1.9999999999999947 3.1580549929463955e-15
-1.9999999999999947 3.094893893107912e-15
-1.9999999999999947 3.0329960152597464e-15
-1.9999999999999947 2.972336094956798e-15
-1.9999999999999947 2.912889373070331e-15
-1.9999999999999947 2.8546315856219242e-15
-1.9999999999999947 2.797538953923478e-15
-1.9999999999999947 2.7415881748495713e-15
-1.9999999999999947 2.6867564113496978e-15
-1.9999999999999947 2.6330212831424867e-15
-1.9999999999999947 2.580360857484365e-15
-1.9999999999999947 2.5287536403435415e-15
-1.9999999999999947 2.478178567516087e-15
-1.9999999999999947 2.428614996155604e-15
-1.9999999999999947 2.38004269622018e-15
-1.9999999999999947 2.332441842283299e-15
-1.9999999999999947 2.285793005460559e-15
-1.9999999999999947 2.240077145344661e-15
-1.9999999999999947 2.1952756024367054e-15
-1.9999999999999947 2.1513700903955117e-15
-1.9999999999999947 2.108342688601263e-15
-1.9999999999999947 2.0661758348432304e-15
-1.9999999999999947 2.0248523181315724e-15
-1.9999999999999947 1.9843552717738344e-15
-1.9999999999999947 1.9446681663273693e-15
-1.9999999999999947 1.905774803006708e-15
-1.9999999999999947 1.8676593069503093e-15
-1.9999999999999947 1.8303061207933663e-15
-1.9999999999999947 1.793699998364691e-15
-1.9999999999999947 1.7578259984166835e-15
-1.9999999999999947 1.7226694784380232e-15
-1.9999999999999947 1.688216088855131e-15
-1.9999999999999947 1.6544517670764698e-15
-1.9999999999999947 1.6213627317188235e-15
-1.9999999999999947 1.5889354770982741e-15
-1.9999999999999947 1.5571567675557427e-15
-1.9999999999999947 1.5260136322126646e-15
-1.9999999999999947 1.4954933595694998e-15
-1.9999999999999947 1.465583492377213e-15
-1.9999999999999947 1.4362718225335696e-15
-1.9999999999999947 1.407546386070421e-15
-1.9999999999999947 1.3793954583560568e-15
-1.9999999999999947 1.3518075491817523e-15
-1.9999999999999947 1.3247713982040033e-15
-1.9999999999999947 1.2982759702378684e-15
-1.9999999999999947 1.2723104508398244e-15
-1.9999999999999947 1.2468642418161755e-15
-1.9999999999999947 1.2219269569630733e-15
-1.9999999999999947 1.1974884178313523e-15
-1.9999999999999947 1.1735386494582776e-15
-1.9999999999999947 1.1500678764797957e-15
-1.9999999999999947 1.12706651893673e-15
-1.9999999999999947 1.1045251885441946e-15
-1.9999999999999947 1.0824346847624877e-15
-1.9999999999999947 1.0607859910582348e-15
-1.9999999999999947 1.0395702712482501e-15
-1.9999999999999947 1.0187788658103116e-15
-1.9999999999999947 9.984032884834479e-16
-1.9999999999999947 9.78435222727606e-16
-1.9999999999999947 9.588665182743078e-16
-1.9999999999999947 9.39689187892374e-16
-1.9999999999999947 9.208954041453756e-16
-1.9999999999999947 9.024774960498252e-16
-1.9999999999999947 8.844279461138699e-16
-1.9999999999999947 8.667393871857326e-16
-1.9999999999999947 8.494045994427755e-16
-1.9999999999999947 8.324165074384649e-16
-1.9999999999999947 8.157681772982287e-16
-1.9999999999999947 7.99452813766422e-16
-1.9999999999999947 7.834637574931746e-16
-1.9999999999999947 7.677944823543258e-16
-1.9999999999999947 7.52438592721728e-16
-1.9999999999999947 7.373898208659003e-16
-1.9999999999999947 7.226420244579426e-16
-1.9999999999999947 7.081891839721883e-16
-1.9999999999999947 6.940254003039246e-16
-1.9999999999999947 6.801448923126658e-16
-1.9999999999999947 6.665419944812322e-16
-1.9999999999999947 6.532111545913725e-16
-1.9999999999999947 6.401469314821047e-16
-1.9999999999999947 6.273439928742306e-16
-1.9999999999999947 6.147971130128714e-16
-1.9999999999999947 6.025011707401366e-16
-1.9999999999999947 5.904511473444549e-16
-1.9999999999999947 5.786421244016321e-16
-1.9999999999999947 5.670692819219671e-16
-1.9999999999999947 5.5572789628230015e-16
-1.9999999999999947 5.446133383565846e-16
-1.9999999999999947 5.337210715802844e-16
-1.9999999999999947 5.230466501471202e-16
-1.9999999999999947 5.125857171396414e-16
-1.9999999999999947 5.023340028086904e-16
-1.9999999999999947 4.922873227370614e-16
-1.9999999999999947 4.824415762678577e-16
-1.9999999999999947 4.727927447177809e-16
-1.9999999999999947 4.633368898220322e-16
-1.9999999999999947 4.540701520385914e-16
-1.9999999999999947 4.449887489931177e-16
-1.9999999999999947 4.3608897401484017e-16
-1.9999999999999947 4.273671945400986e-16
-1.9999999999999947 4.188198506399626e-16
-1.9999999999999947 4.1044345360575253e-16
-1.9999999999999947 4.022345845511041e-16
-1.9999999999999947 3.9418989286514096e-16
-1.9999999999999947 3.863060949965189e-16
-1.9999999999999947 3.785799731051216e-16
-1.9999999999999947 3.710083736475818e-16
-1.9999999999999947 3.6358820616132566e-16
-1.9999999999999947 3.5631644201553023e-16
-1.9999999999999947 3.491901131620806e-16
-1.9999999999999947 3.4220631090307072e-16
-1.9999999999999947 3.3536218470793533e-16
-1.9999999999999947 3.286549410223097e-16
-1.9999999999999947 3.2208184220096676e-16
-1.9999999999999947 3.1564020534149227e-16
-1.9999999999999947 3.0932740125030925e-16
-1.9999999999999947 3.0314085321017876e-16
-1.9999999999999947 2.9707803615301936e-16
-1.9999999999999947 2.911364754356796e-16
-1.9999999999999947 2.853137459052243e-16
-1.9999999999999947 2.7960747096422003e-16
-1.9999999999999947 2.7401532152021604e-16
-1.9999999999999947 2.685350150841173e-16
-1.9999999999999947 2.6316431479411133e-16
-1.9999999999999947 2.5790102850576957e-16
-1.9999999999999947 2.5274300794832315e-16
-1.9999999999999947 2.4768814779822066e-16
-1.9999999999999947 2.427343848436756e-16
-1.9999999999999947 2.37879697149214e-16
-1.9999999999999947 2.3312210320367857e-16
-1.9999999999999947 2.284596611509505e-16
-1.9999999999999947 2.238904679131381e-16
-1.9999999999999947 2.1941265854537586e-16
-1.9999999999999947 2.150244053755568e-16
-1.9999999999999947 2.107239172598697e-16
-1.9999999999999947 2.065094389210547e-16
-1.9999999999999947 2.0237925015430998e-16
-1.9999999999999947 1.9833166516554713e-16
-1.9999999999999947 1.9436503186001593e-16
-1.9999999999999947 1.9047773123019065e-16
-1.9999999999999947 1.8666817658649209e-16
-1.9999999999999947 1.829348130361638e-16
-1.9999999999999947 1.7927611676362498e-16
-1.9999999999999947 1.756905944100849e-16
-1.9999999999999947 1.7217678251106026e-16
-1.9999999999999947 1.6873324686771777e-16
-1.9999999999999947 1.6535858191821698e-16
-1.9999999999999947 1.6205141025794547e-16
-1.9999999999999947 1.5881038206049247e-16
-1.9999999999999947 1.556341743993607e-16
-1.9999999999999947 1.5252149091709415e-16
-1.9999999999999947 1.494710611139028e-16
-1.9999999999999947 1.46481639900985e-16
-1.9999999999999947 1.435520071207628e-16
-1.9999999999999947 1.4068096698439908e-16
-1.9999999999999947 1.3786734765820726e-16
-1.9999999999999947 1.351100007177121e-16
-1.9999999999999947 1.3240780071751578e-16
-1.9999999999999947 1.2975964471153312e-16
-1.9999999999999947 1.271644518394013e-16
-1.9999999999999947 1.246211628136279e-16
-1.9999999999999947 1.22128739572175e-16
-1.9999999999999947 1.1968616478215084e-16
-1.9999999999999947 1.1729244149239394e-16
-1.9999999999999947 1.1494659268679558e-16
-1.9999999999999947 1.126476608376223e-16
-1.9999999999999947 1.1039470764081802e-16
-1.9999999999999947 1.0818681349488038e-16
-1.9999999999999947 1.0602307722789103e-16
-1.9999999999999947 1.0390261567565355e-16
-1.9999999999999947 1.0182456335909304e-16
-1.9999999999999947 9.978807208720938e-17
-1.9999999999999947 9.779231065929224e-17
-1.9999999999999947 9.583646445133075e-17
-1.9999999999999947 9.391973516785937e-17
-1.9999999999999947 9.204134047799835e-17
-1.9999999999999947 9.020051368458153e-17
-1.9999999999999947 8.83965034263713e-17
-1.9999999999999947 8.662857334718637e-17
-1.9999999999999947 8.489600186429118e-17
-1.9999999999999947 8.319808183752367e-17
-1.9999999999999947 8.153412020533581e-17
-1.9999999999999947 7.990343778627025e-17
-1.9999999999999947 7.830536903080613e-17
-1.9999999999999947 7.673926164085599e-17
-1.9999999999999947 7.520447640432968e-17
-1.9999999999999947 7.370038688080571e-17
-1.9999999999999947 7.222637915337704e-17
-1.9999999999999947 7.078185156395333e-17
-1.9999999999999947 6.936621453128118e-17
-1.9999999999999947 6.79788902366155e-17
-1.9999999999999947 6.661931242519615e-17
-1.9999999999999947 6.52869261746374e-17
-1.9999999999999947 6.398118764677372e-17
-1.9999999999999947 6.270156390568005e-17
-1.9999999999999947 6.14475326198868e-17
-1.9999999999999947 6.021858197966174e-17
-1.9999999999999947 5.901421033305059e-17
-1.9999999999999947 5.783392611970254e-17
-1.9999999999999947 5.667724758962883e-17
-1.9999999999999947 5.554370263776665e-17
-1.9999999999999947 5.4432828588912193e-17
-1.9999999999999947 5.334417201574087e-17
-1.9999999999999947 5.2277288573371224e-17
-1.9999999999999947 5.123174280084159e-17
-1.9999999999999947 5.0207107955673943e-17
-1.9999999999999947 4.9202965798806974e-17
-1.9999999999999947 4.8218906478790774e-17
-1.9999999999999947 4.725452834980711e-17
-1.9999999999999947 4.630943777314608e-17
-1.9999999999999947 4.538324900140082e-17
-1.9999999999999947 4.447558402957502e-17
-1.9999999999999947 4.3586072363472307e-17
-1.9999999999999947 4.2714350920434604e-17
-1.9999999999999947 4.186006391353685e-17
-1.9999999999999947 4.1022862636520005e-17
-1.9999999999999947 4.0202405397616647e-17
-1.9999999999999947 3.939835730448397e-17
-1.9999999999999947 3.8610390148398527e-17
-1.9999999999999947 3.783818235462539e-17
-1.9999999999999947 3.7081418701176715e-17
-1.9999999999999947 3.633979033535539e-17
-1.9999999999999947 3.561299452560084e-17
-1.9999999999999947 3.49007346449454e-17
-1.9999999999999947 3.420271993940375e-17
-1.9999999999999947 3.351866552797294e-17
-1.9999999999999947 3.2848292220652606e-17
-1.9999999999999947 3.2191326386096127e-17
-1.9999999999999947 3.154749986889252e-17
-1.9999999999999947 3.091654985721757e-17
-1.9999999999999947 3.029821884974659e-17
-1.9999999999999947 2.9692254457131066e-17
-1.9999999999999947 2.909840936891147e-17
-1.9999999999999947 2.851644117153748e-17
-1.9999999999999947 2.7946112331824396e-17
-1.9999999999999947 2.738719009769146e-17
-1.9999999999999947 2.6839446299638502e-17
-1.9999999999999947 2.6302657367289566e-17
-1.9999999999999947 2.577660423013122e-17
-1.9999999999999947 2.5261072135532836e-17
-1.9999999999999947 2.47558506818338e-17
-1.9999999999999947 2.4260733652907406e-17
-1.9999999999999947 2.3775518968530008e-17
-1.9999999999999947 2.3300008585119346e-17
-1.9999999999999947 2.2834008429560105e-17
-1.9999999999999947 2.2377328250311396e-17
-1.9999999999999947 2.1929781700124827e-17
-1.9999999999999947 2.1491186054803078e-17
-1.9999999999999947 2.1061362345548823e-17
-1.9999999999999947 2.0640135110810526e-17
-1.9999999999999947 2.022733241282606e-17
-1.9999999999999947 1.9822785771448263e-17
-1.9999999999999947 1.9426330064883255e-17
-1.9999999999999947 1.9037803463515996e-17
-1.9999999999999947 1.865704739682306e-17
-1.9999999999999947 1.828390643756735e-17
-1.9999999999999947 1.7918228301798093e-17
-1.9999999999999947 1.7559863749589172e-17
-1.9999999999999947 1.720866648577745e-17
-1.9999999999999947 1.6864493159962774e-17
-1.9999999999999947 1.6527203300333518e-17
-1.9999999999999947 1.619665923094853e-17
-1.9999999999999947 1.5872726038649904e-17
-1.9999999999999947 1.555527152343214e-17
-1.9999999999999947 1.5244166099180476e-17
-1.9999999999999947 1.4939282793670884e-17
-1.9999999999999947 1.46404971493084e-17
-1.9999999999999947 1.43476871900399e-17
-1.9999999999999947 1.4060733454441313e-17
-1.9999999999999947 1.3779518780650681e-17
-1.9999999999999947 1.3503928405629818e-17
-1.9999999999999947 1.3233849832815416e-17
-1.9999999999999947 1.2969172832119047e-17
-1.9999999999999947 1.2709789373752711e-17
-1.9999999999999947 1.2455593595141614e-17
-1.9999999999999947 1.2206481734749716e-17
-1.9999999999999947 1.1962352098992512e-17
-1.9999999999999947 1.1723105062237023e-17
-1.9999999999999947 1.1488642967540134e-17
-1.9999999999999947 1.1258870110104971e-17
-1.9999999999999947 1.1033692704193684e-17
-1.9999999999999947 1.0813018850040216e-17
-1.9999999999999947 1.0596758484219474e-17
-1.9999999999999947 1.0384823313472873e-17
-1.9999999999999947 1.0177126847795567e-17
-1.9999999999999947 9.973584301174767e-18
-1.9999999999999947 9.77411260813336e-18
-1.9999999999999947 9.578630357555461e-18
-1.9999999999999947 9.38705775959918e-18
-1.9999999999999947 9.19931661260941e-18
-1.9999999999999947 9.015330270030588e-18
-1.9999999999999947 8.835023673493932e-18
-1.9999999999999947 8.658323203924927e-18
-1.9999999999999947 8.485156731174156e-18
-1.9999999999999947 8.315453597473695e-18
-1.9999999999999947 8.149144518175438e-18
-1.9999999999999947 7.986161614838318e-18
-1.9999999999999947 7.826438398684698e-18
-1.9999999999999947 7.66990962170786e-18
-1.9999999999999947 7.516511425564515e-18
-1.9999999999999947 7.366181209225903e-18
-1.9999999999999947 7.218857579346963e-18
-1.9999999999999947 7.074480416440774e-18
-1.9999999999999947 6.932990792160497e-18
-1.9999999999999947 6.794330969299376e-18
-1.9999999999999947 6.658444335616288e-18
-1.9999999999999947 6.5252754534665796e-18
-1.9999999999999947 6.394769960540394e-18
-1.9999999999999947 6.266874553319059e-18
-1.9999999999999947 6.141537053249533e-18
-1.9999999999999947 6.018706307482737e-18
-1.9999999999999947 5.89833218887355e-18
-1.9999999999999947 5.780365529806362e-18
