1 2
0.9800000000745058 2.02
0.9604000000655651 2.0396000001218058
0.9411920000612736 2.0588080002230247
0.9223681600391864 2.0776318401971263
0.9039207968115806 2.096079203360456
0.8858423808217047 2.1141576192833913
0.8681255331635473 2.1318744668716842
0.8507630226016043 2.1492369775731737
0.8337477621436118 2.1662522380386613
0.8170728069543838 2.182927193155155
0.8007313508540391 2.1992686492864815
0.7847167237848043 2.2152832762455965
0.7690223892778157 2.2309776107448793
0.7536419414728879 2.246358058634043
0.7385691026598213 2.2614308975333457
0.7237977205961941 2.2762022795338837
0.7093217661976813 2.290678234014633
0.6951353309303521 2.3048646693219914
0.6812326243519782 2.3187673759656624
0.6676079718768595 2.332392028423011
0.6542558124288915 2.3457441878951713
0.6411706961318849 2.3588293041810635
0.6283472822234033 2.3716527180146425
0.6157803365960716 2.384219663688586
0.6034647298604249 2.3965352704679432
0.5913954352959989 2.408604565089674
0.579567526616156 2.4204324737744463
0.5679761760681866 2.4320238243188848
0.5566166525706647 2.443383347817466
0.5454843195155261 2.4545156808147777
0.5345746331289409 2.465425367247081
0.5238831404969095 2.476116859933263
0.5134054777026176 2.4865945227517683
0.5031373681500554 2.496862632323286
0.4930746207758784 2.5069253796405557
0.48321312835440033 2.5167868720264983
0.47354886578395955 2.526451134590616
0.46407788848504417 2.535922111927675
0.45479633072391146 2.5452036696847373
0.44570040412247175 2.5542995962412105
0.43678639603778713 2.5632136043088765
0.4280506681092083 2.5719493322715046
0.4194896547682583 2.5805103456240843
0.4110998616740107 2.5889001387243473
0.40287786444649093 2.597122135977347
0.39482030715793365 2.605179693246008
0.3869239010103046 2.613076099394673
0.3791854229755699 2.6208145773833116
0.3716017145104706 2.628398285871865
0.3641696802154183 2.6358303201948337
0.3568862866237759 2.6431137137690692
0.34974856089800593 2.6502514394651238
0.3427535896748304 2.657246410697501
0.3358985178731381 2.664101482484793
0.329180547511205 2.670819452833344
0.3225969365704804 2.677403063797038
0.3161449978407472 2.6838550025180328
0.3098220978863537 2.690177902456635
0.30362565593793983 2.6963743443774755
0.297553142812103 2.7024468575169203
0.29160207995213566 2.7083979203457678
0.2857700383570045 2.714229961947221
0.28005463758483523 2.7199453627302703
0.27445354483090334 2.7255464554977302
0.2689644739311188 2.7310355263773536
0.2635851844493299 2.7364148158590327
0.25831348076462735 2.74168651955082
0.2531472111493348 2.7468527891658723
0.24808426692150523 2.7519157333763857
0.24312258158344766 2.7568774186905425
0.2382601299509405 2.7617398703236034
0.2334949273522942 2.7665050729334952
0.22882502880413075 2.771174971458216
0.2242485282290726 2.775751472021819
0.21976355766411862 2.780236442579292
0.21536828651092937 2.7846317137436665
0.21106092078145583 2.788939079446884
0.20683970236685117 2.7931602978717374
0.20270290832035234 2.7972970919014273
0.19864885015413156 2.8013511500619463
0.19467587315477422 2.8053241270756897
0.19078235568944357 2.8092176445476844
0.18696670857723796 2.813033291641639
0.18322737440001213 2.816772625796654
0.17956282690633082 2.8204371732984432
0.17597157036885613 2.8240284298196925
0.17245213896268974 2.827547861227537
0.16900309618329623 2.8309969039872596
0.16562303425977 2.8343769659035143
0.16231057357741516 2.8376894265792734
0.1590643621049821 2.8409356380502313
0.15588307486381378 2.8441169252997613
0.15276541336672378 2.8472345867944804
0.14971010509878394 2.8502898950474966
0.1467159029981121 2.853284097131395
0.14378158493665974 2.8562184151819787
0.1409059532382525 2.859094046890199
0.13808783417334775 2.8619121659585183
0.13532607749104494 2.8646739226348013
0.13261955593945454 2.867380444171762
0.1299671648209914 2.8700328352852775
0.1273678215243853 2.8726321785909916
0.12482046509394416 2.8751795350165867
0.12232405579183245 2.8776759443114073
0.11987757467664772 2.8801224254303768
0.11748002318432549 2.882519976919929
0.11513042272068555 2.8848695773923643
0.11282781426561991 2.887172185842767
0.11057125797960903 2.8894287421311162
0.10835983282071533 2.891640167282948
0.10619263616506937 2.8938073639295725
0.1040687834413256 2.8959312166416233
0.10198740777210327 2.8980125923071838
0.09994765961659136 2.9000523404513214
0.09794870642363089 2.9020512936409317
0.09598973229643884 2.904010267772179
0.09406993765034707 2.9059300624153575
0.09218853889731685 2.9078114611734907
0.09034476811997587 2.90965523195117
0.0885378727584611 2.911462127319132
0.08676711530308233 2.913232884773245
0.08503177299688099 2.9149682270824133
0.08333113753644278 2.91666886253811
0.08166451478551602 2.918335485287181
0.08003122448979406 2.9199687755880044
0.07843060000042892 2.9215694000808043
0.07686198800045527 2.9231380120830073
0.07532474824052765 2.92467525184679
0.07381825327582187 2.926181746812171
0.07234188820992125 2.927658111869349
0.0708950504456879 2.9291049496315966
0.06947714943671594 2.9305228506411276
0.06808760644868012 2.931912393632252
0.06672585431952024 2.933274145759043
0.06539133723301342 2.9346086628455113
0.06408351048827166 2.9359164895909067
0.06280184027855279 2.937198159796425
0.06154580347356381 2.9384541966014797
0.060314887404092535 2.9396851126753485
0.059108589656243514 2.9408914104192774
0.057926417863054615 2.942073582212765
0.05676788950571785 2.943232110569064
0.055632531715673346 2.9443674683608445
0.054519881081359876 2.9454801189936344
0.05342948345962208 2.946570516609877
0.05236089379061008 2.947639106277281
0.05131367591471639 2.948686324152302
0.05028740239649773 2.949712597671901
0.04928165434859688 2.9507183457206967
0.04829602126177628 2.9517039788053974
0.04733010083640688 2.95266989922494
0.04638349881977769 2.95361650123709
0.04545582884340542 2.9545441712119223
0.04454671226616478 2.9554532877833086
0.043655778020620296 2.956344222024266
0.04278266246023117 2.957217337582335
0.041927009210921774 2.9580729908301375
0.04108846902672662 2.958911531013378
0.04026669964616299 2.9597333003951065
0.0394613656532601 2.960538634389081
0.03867213834018907 2.9613278616990453
0.037898695573385294 2.962101304462195
0.03714072166185356 2.9628592783745065
0.036397907228529175 2.9636020928056697
0.03566994908396732 2.9643300509503727
0.03495655010221521 2.9650434499304996
0.034257419100176725 2.9657425809331626
0.03357227071814117 2.96642772931615
0.03290082530380454 2.967099174733019
0.03224280879774591 2.9677571912351133
0.03159795262166876 2.968402047411282
0.030965993569261573 2.9690340064652574
0.030346673697931637 2.9696533263379576
0.02973974022403121 2.97026025981362
0.029144945419538944 2.970855054617894
0.028562046511069583 2.971437953526056
0.02799080558092095 2.9720091944569655
0.02743098946928507 2.972569010565463
0.026882369679951754 2.9731176303556306
0.026344722286376 2.9736552777466034
0.025817827840582997 2.974182172192682
0.025301471283746598 2.974698528746506
0.024795441858077485 2.9752045581740747
0.024299533020894108 2.975700467010425
0.023813542360512602 2.976186457670359
0.023337271513300895 2.9766627285164122
0.02287052608298831 2.977129473945575
0.022413115561357645 2.977586884464434
0.021964853250101387 2.978035146776758
0.021525556185115365 2.978474443841988
0.021095045061410873 2.9789049549643263
0.020673144160173195 2.979326855866114
0.020259681276947904 2.979740318747177
0.019854487651391483 2.9801455123726286
0.019457397898368017 2.9805426021253876
0.019068249940391923 2.9809317500826116
0.018686884941598637 2.9813131150820738
0.018313147242770302 2.9816868527797293
0.01794688429796219 2.9820531157250594
0.017587946612002216 2.9824120534088054
0.017236187679773085 2.9827638123390776
0.016891463926185627 2.9831085360939658
0.016553634647680105 2.9834463653736996
0.016222561954746147 2.983777438065588
0.0158981107156796 2.9841018893037887
0.015580148501358002 2.984419851517942
0.015268545531325749 2.9847314544876924
0.014963174620715967 2.9850368253990704
0.014663911128318382 2.9853360888905662
0.014370632905756743 2.985629367113362
0.01408322024764852 2.9859167797723143
0.013801555842710464 2.986198444178149
0.01352552472586462 2.9864744752955863
0.01325501423134478 2.9867449857904838
0.012989913946712428 2.9870100860759226
0.01273011566778218 2.9872698843548746
0.012475513354420351 2.9875244866672714
0.012226003087325759 2.987773996933337
0.011981483025574512 2.988018516993663
0.011741853365056109 2.988258146653445
0.011507016297764443 2.988492983720888
0.01127687597179824 2.9887231240473726
0.01105133845236191 2.9889486615667926
0.010830311683312123 2.9891696883363084
0.01061370544964115 2.989386294569487
0.010401431340642323 2.989598568677798
0.01019340271383948 2.9898065973044927
0.009989534659562144 2.9900104653580737
0.009789743966375629 2.990210256051231
0.009593949087047752 2.990406050930789
0.00940207010531589 2.9905979299112415
0.009214028703208843 2.9907859713132465
0.009029748129150849 2.9909702518878993
0.008849153166565829 2.9911508468502634
0.008672170103236513 2.9913278299138
0.008498726701172873 2.9915012733150808
0.008328752167153598 2.99167124784869
0.008162177123822348 2.9918378228909654
0.007998933581338805 2.9920010664335
0.007838954909711846 2.9921610451043072
0.007682175811514698 2.9923178242017188
0.00752853229528222 2.992471467717755
0.0073779616493811215 2.9926220383628377
0.007230402416389496 2.9927695975960398
0.007085794368062979 2.992914205644185
0.006944078480701082 2.9930559215310257
0.006805196911081965 2.9931948030998643
0.006669092972861053 2.993330907037212
0.006535711113401648 2.99346428889597
0.006404996891133068 2.9935950031181466
0.006276896953313498 2.9937231030558245
0.006151359014247591 2.993848640994348
0.006028331833963366 2.9939716681748987
0.005907765197284734 2.994092234811702
0.005789609893340585 2.9942103901151205
0.005673817695474045 2.9943261823129013
0.005560341341565563 2.994439658666337
0.005449134514737979 2.994550865493115
0.005340151824441308 2.9946598481828337
0.0052333487879513444 2.9947666512189235
0.005128681812191134 2.994871318194593
0.005026108175948084 2.994973891830706
0.004925586012427575 2.995074413994297
0.004827074292179477 2.995172925714647
0.004730532806333885 2.9952694672001003
0.004635922150207479 2.995364077856419
0.004543203707203192 2.995456796299045
0.004452339633060036 2.99554766037272
0.00436329284040079 2.9956367071650236
0.004276026983591181 2.995723973021561
0.004190506443917401 2.9958094935608375
0.004106696315038734 2.995893303689673
0.004024562388738049 2.995975437615767
0.0039440711409633325 2.9960559288633757
0.0038651897181443376 2.9961348102861605
0.0037878859237809497 2.996212114080626
0.0037121282053043975 2.9962878717992854
0.0036378856411976718 2.9963621143635604
0.0035651279283740126 2.996434872076424
0.003493825369806645 2.9965061746347836
0.0034239488624097604 2.9965760511423145
0.003355469885161655 2.9966445301192364
0.0032883604874575116 2.996711639516776
0.0032225932777088834 2.9967774067264847
0.0031581414121534994 2.9968418585921386
0.003094978583910633 2.9969050214200705
0.003033079012233147 2.996966920991822
0.002972417431988051 2.997027582572132
0.002912969083348516 2.997087030920558
0.002854709701681431 2.9971452903021607
0.002797615507647551 2.9972023844962097
0.002741663197494917 2.9972583368065076
0.002686829933544972 2.997313170070351
0.002633093334873651 2.997366906668972
0.0025804314681760745 2.997419568535567
0.0025288228388125745 2.9974711771648104
0.0024782463820366175 2.997521753621622
0.0024286814543961 2.997571318549263
0.002380107825308586 2.9976198921782906
0.0023325056688025267 2.9976674943348036
0.0022858555554267366 2.997714144448062
0.0022401384443184623 2.997759861558912
0.002195335675432319 2.9978046643275436
0.0021514289619232736 2.997848571041098
0.0021084003826853754 2.997891599620266
0.0020662323750314624 2.997933767627935
0.0020249077275314572 2.9979750922754804
0.0019844095729808385 2.9980155904298216
0.001944721381521448 2.9980552786211208
0.0019058269538907678 2.9980941730487065
0.0018677104148127352 2.99813228958771
0.0018303562065164567 2.9981696437959418
0.0017937490823862288 2.9982062509198637
0.0017578741007386054 2.998242125901549
0.0017227166187239514 2.9982772833836813
0.0016882622863496418 2.9983117377159316
0.0016544970406226307 2.9983455029615063
0.0016214070998102565 2.99837859290218
0.001588978957814164 2.9984110210442636
0.0015571993786579136 2.9984428006234687
0.001526055391084868 2.9984739446109807
0.0014955342832629422 2.9985044657187374
0.0014656235975976425 2.9985343764043044
0.001436311125645717 2.998563688876267
0.00140758490313283 2.9985924150986283
0.0013794332050701438 2.9986205667965753
0.0013518445409686716 2.9986481554606703
0.0013248076501492687 2.9986751923515578
0.0012983114971462737 2.9987016885045708
0.0012723452672032363 2.9987276547345063
0.0012468983618590256 2.9987531016397715
0.0012219603946217615 2.9987780396069676
0.001197521186729291 2.9988024788148735
0.0011735707629946445 2.99882642923861
0.0011500993477349098 2.9988499006537213
0.0011270973607801138 2.998872902640631
0.0011045554135645274 2.9988954445878435
0.001082464305293287 2.998917535696027
0.0010608150191873179 2.9989391849822087
0.001039598718803576 2.998960401282574
0.0010188067444274805 2.9989811932569523
0.0009984306095388161 2.9990015693919108
0.000978461997347979 2.9990215380040275
0.0009588927574011463 2.9990411072438956
0.0009397149022530881 2.999060285099037
0.0009209206042080509 2.9990790793969815
0.0009025021921238774 2.999097497809036
0.0008844521482814272 2.999115547852846
0.0008667631053158131 2.99913323689584
0.000849427843209456 2.999150572157879
0.000832439286345179 2.9991675607147332
0.0008157905006182787 2.9991842095004433
0.0007994746906059347 2.999200525310497
0.0007834851967937496 2.999216514804274
0.0007678154928578507 2.999232184508251
0.0007524591830007111 2.999247540818027
0.0007374099993406858 2.999262590001717
0.0007226617993538454 2.9992773382017375
0.0007082085633666835 2.999291791437632
0.0006940443920993444 2.999305955608814
0.0006801635042573805 2.9993198364966744
0.0006665602341722532 2.9993334397666733
0.0006532290294887999 2.9993467709713464
0.00064016444889903 2.9993598355518842
0.0006273611599210383 2.9993726388408914
0.0006148139367226136 2.999385186064042
0.0006025176579881531 2.9993974823427285
0.0005904673048283882 2.9994095326958905
0.0005786579587318187 2.9994213420419484
0.0005670847995571805 2.9994329152010564
0.0005557431035660244 2.9994442568970587
0.0005446282414946935 2.9994553717590784
0.0005337356766648127 2.999466264323863
0.0005230609631315076 2.999476939037407
0.0005125997438688913 2.99948740025666
0.0005023477489915052 2.999497652251526
0.0004923007940116776 2.999507699206495
0.0004824547781314138 2.9995175452223526
0.0004728056825687844 2.999527194317953
0.0004633495689174062 2.999536650431568
0.00045408257753905236 2.9995459174229766
0.0004450009259882727 2.9995549990745607
0.00043610090746849084 2.9995638990930478
0.00042737888931911673 2.9995726211111973
0.0004188313115327326 2.999581168689012
0.00041045468530206866 2.9995895453152026
0.00040224559159602225 2.999597754408864
0.00039420067976409857 2.9996057993206966
0.00038631666616882897 2.999613683334297
0.0003785903328454566 2.999621409667583
0.0003710185261885336 2.99962898147426
0.00036359815566475504 2.999636401844798
0.00035632619255146166 2.9996436738079257
0.0003491996687004374 2.99965080033179
0.0003422156753264339 2.999657784325168
0.0003353713618199073 2.9996646286386546
0.00032866393458350415 2.9996713360658944
0.0003220906558918358 2.999677909344585
0.00031564884277399905 2.999684351157666
0.00030933586591851424 2.9996906641345387
0.0003031491486001393 2.9996968508518225
0.0002970861656281422 2.9997029138347857
0.00029114444231558744 2.999708855558064
0.00028532155346927334 2.9997146784469133
0.0002796151223998834 2.9997203848779637
0.0002740228199518825 2.9997259771804226
0.0002685423635528551 2.9997314576367966
0.00026317151628179724 2.9997368284840493
0.00025790808595616677 2.999742091914346
0.0002527499242370436 2.999747250076057
0.00024769492575230215 2.9997523050745296
0.00024274102723725446 2.999757258973052
0.00023788620669250594 2.999762113793593
0.0002331284825586556 2.9997668715177275
0.00022846591290748522 2.9997715340873956
0.00022389659464933556 2.9997761034056496
0.0002194186627563456 2.9997805813375242
0.00021503028950121695 2.9997849697107943
0.00021072968371119283 2.9997892703165876
0.00020651509003696733 2.9997934849102523
0.0002023847882362274 2.9997976152120676
0.00019833709247150345 2.9998016629078226
0.0001943703506220752 2.9998056296496696
0.0001904829436096357 2.9998095170566756
0.0001866732847374465 2.999813326715525
0.00018293981904269574 2.9998170601812038
0.00017928102266184145 2.999820718977596
0.00017569540220860227 2.9998243045980324
0.00017218149416443188 2.9998278185060845
0.00016873786428114337 2.999831262135978
0.00016536310699552206 2.9998346368932554
0.000162055844855611 2.999837944155379
0.0001588147279584985 2.9998411852722615
0.00015563843339933006 2.999844361566814
0.00015252566473134235 2.999847474335489
0.00014947515143671334 2.999850524848777
0.0001464856484079792 2.999853514351788
0.00014355593543982097 2.9998564440647595
0.0001406848167310228 2.9998593151834627
0.00013787112039640242 2.999862128879782
0.00013511369798847612 2.9998648863021917
0.0001324114240287046 2.999867588576139
0.0001297631955481317 2.999870236804616
0.00012716793163716894 2.999872832068527
0.00012462457300442393 2.9998753754271577
0.00012213208154433514 2.9998778679186073
0.00011968943991344645 2.9998803105602367
0.0001172956511151781 2.9998827043490346
0.00011494973809287451 2.999885050262049
0.0001126507433310166 2.99988734925681
0.0001103977284643966 2.999889602271672
0.00010818977389510892 2.999891810226246
0.0001060259784172059 2.9998939740217265
0.00010390545884886209 2.9998960945412843
0.00010182734967188483 2.9998981726504685
9.97908026784468e-05 2.9999002091974543
9.779498662487744e-05 2.999902205013514
9.583908689237989e-05 2.9999041609132524
9.392230515453252e-05 2.999906077694984
9.204385905144178e-05 2.999907956141075
9.020298187041435e-05 2.999909797018262
8.839892223300631e-05 2.999911601077892
8.663094378834628e-05 2.9999133690563373
8.489832491257913e-05 2.999915101675208
8.320035841432719e-05 2.999916799641699
8.153635124604112e-05 2.9999184636488607
7.990562422112005e-05 2.999920094375882
7.830751173669784e-05 2.9999216924883676
7.674136150196367e-05 2.9999232586385935
7.520653427192451e-05 2.999924793465822
7.370240358648597e-05 2.9999262975964984
7.222835551475585e-05 2.999927771644569
7.078378840446e-05 2.999929216211672
6.936811263637057e-05 2.99993063188744
6.798075038364285e-05 2.999932019249686
6.662113537597006e-05 2.9999333788646934
6.528871266845051e-05 2.999934711287405
6.398293841508153e-05 2.9999360170616534
6.270327964677981e-05 2.999937296720419
6.144921405384376e-05 2.9999385507860103
6.022022977276733e-05 2.9999397797702887
5.9015825177312205e-05 2.999940984174879
5.783550867376599e-05 2.9999421644913844
5.667879850029075e-05 2.9999433212015525
5.554522253028479e-05 2.9999444547775194
5.443431807967899e-05 2.9999455656819665
5.33456317180854e-05 2.9999466543683218
5.2278719083723586e-05 2.999947721280955
5.1233144702049065e-05 2.9999487668553377
5.020848180800827e-05 2.999949791518232
4.9204312171848144e-05 2.999950795687864
4.8220225928411324e-05 2.9999517797741073
4.725582140984272e-05 2.9999527441786253
4.631070498164594e-05 2.9999536892950496
4.538449088201293e-05 2.999954615509148
4.4476801064372434e-05 2.9999555231989636
4.358726504308477e-05 2.999956412734988
4.271551974222312e-05 2.9999572844802844
4.186120934737872e-05 2.999958138790681
4.102398516043118e-05 2.9999589760148644
4.020350545722251e-05 2.9999597964945632
3.939943534807797e-05 2.999960600564672
3.861144664111638e-05 2.9999613885533787
3.783921770829396e-05 2.999962160782308
3.708243335412808e-05 2.999962917566659
3.634078468704546e-05 2.999963659215328
3.561396899330465e-05 2.999964386031024
3.490168961343853e-05 2.9999650983104034
3.4203655821169734e-05 2.999965796344196
3.3519582704746436e-05 2.99996648041731
3.284919105065147e-05 2.999967150808962
3.2192207229638356e-05 2.9999678077927845
3.1548363085045486e-05 2.99996845163693
3.0917395823344535e-05 2.999969082604189
3.029904790687778e-05 2.9999697009521076
2.9693066948740234e-05 2.999970306933063
2.9099205609765454e-05 2.9999709007944038
2.8517221497570124e-05 2.999971482778518
2.7946877067618744e-05 2.999972053122947
2.7387939526266465e-05 2.999972612060487
2.6840180735741146e-05 2.999973159819277
2.6303377121026294e-05 2.9999736966228894
2.577730957860575e-05 2.9999742226904296
2.526176338703361e-05 2.9999747382366206
2.4756528119292955e-05 2.9999752434718863
2.4261397556907113e-05 2.999975738602447
2.377616960576901e-05 2.9999762238303984
2.3300646213653606e-05 2.9999766993537893
2.283463328938049e-05 2.9999771653667127
2.2377940623592917e-05 2.9999776220593795
2.1930381811121048e-05 2.9999780696181912
2.149177417489863e-05 2.999978508225827
2.1061938691400672e-05 2.999978938061311
2.064069991757264e-05 2.9999793593000836
2.022788591922119e-05 2.9999797721140804
1.9823328200836733e-05 2.999980176671798
1.942686163682e-05 2.9999805731383624
1.9038324404083592e-05 2.9999809616755946
1.8657557916001942e-05 2.999981342442082
1.828440675768191e-05 2.9999817155932402
1.7918718622528275e-05 2.999982081281374
1.756034425007771e-05 2.999982439655747
1.720913736507612e-05 2.999982790862633
1.6864954617774586e-05 2.999983135045382
1.6527655525419075e-05 2.999983472344474
1.6197102414910656e-05 2.9999838028975834
1.5873160366612444e-05 2.9999841268396334
1.555569715928017e-05 2.9999844443028394
1.5244583216094563e-05 2.9999847554167824
1.4939691551772655e-05 2.9999850603084455
1.46408977207372e-05 2.9999853591022774
1.434807976632246e-05 2.9999856519202326
1.4061118170996004e-05 2.9999859388818293
1.377989580757609e-05 2.999986220104192
1.3504297891424572e-05 2.9999864957021094
1.3234211933596085e-05 2.9999867657880674
1.2969527694924172e-05 2.9999870304723064
1.2710137141025692e-05 2.999987289862861
1.2455934398205173e-05 2.999987544065605
1.2206815710241067e-05 2.999987793184293
1.1962679396036257e-05 2.999988037320606
1.172342580811554e-05 2.9999882765741948
1.1488957291953216e-05 2.999988511042712
1.1259178146114161e-05 2.9999887408218564
1.1033994583191886e-05 2.999988966005419
1.0813314691528037e-05 2.999989186685311
1.0597048397697491e-05 2.9999894029516043
1.038510742974354e-05 2.9999896148925713
1.0177405281148664e-05 2.999989822594721
9.973857175525691e-06 2.9999900261428274
9.774380032015183e-06 2.99999022561997
9.578892431374882e-06 2.9999904211075705
9.387314582747391e-06 2.99999061268542
9.19956829109245e-06 2.9999908004317115
9.015576925270606e-06 2.9999909844230768
8.835265386765197e-06 2.9999911647346145
8.658560079029886e-06 2.999991341439923
8.485388877449296e-06 2.999991514611124
8.315681099900311e-06 2.999991684318901
8.14936747790231e-06 2.999991850632523
7.986380128344267e-06 2.9999920136198734
7.826652525777389e-06 2.999992173347476
7.670119475261837e-06 2.999992329880526
7.5167170857566024e-06 2.999992483282916
7.36638274404147e-06 2.999992633617258
7.21905508916064e-06 2.999992780944913
7.074673987377428e-06 2.999992925326015
6.933180507629881e-06 2.999993066819495
6.794516897477284e-06 2.9999932054831047
6.658626559527737e-06 2.9999933413734428
6.525454028337188e-06 2.9999934745459744
6.394944947770445e-06 2.999993605055055
6.267046048815035e-06 2.9999937329539534
6.141705127838734e-06 2.9999938582948746
6.018871025281962e-06 2.999993981128977
5.898493604776326e-06 2.9999941015063976
5.7805237326808e-06 2.9999942194762697
5.664913258027183e-06 2.999994335086744
5.551614992866639e-06 2.999994448385009
5.440582693009301e-06 2.9999945594173094
5.331771039149111e-06 2.999994668228963
5.225135618366129e-06 2.9999947748643834
5.120632905998806e-06 2.999994879367096
5.01822024787883e-06 2.999994981779754
4.917855842921253e-06 2.999995082144159
4.819498726062828e-06 2.999995180501276
4.7231087515415715e-06 2.99999527689125
4.628646576510737e-06 2.9999953713534255
4.536073644980524e-06 2.9999954639263575
4.445352172080914e-06 2.9999955546478305
4.356445128639295e-06 2.999995643554874
4.269316226066509e-06 2.999995730683777
4.183929901545179e-06 2.9999958160701015
4.100251303514274e-06 2.9999958997486997
4.01824627744399e-06 2.9999959817537256
3.937881351895112e-06 2.999996062118651
3.85912372485721e-06 2.999996140876278
3.7819412503600636e-06 2.9999962180587527
3.7063024253528614e-06 2.9999962936975777
3.6321763768458043e-06 2.9999963678236266
3.5595328493088875e-06 2.9999964404671537
3.488342192322709e-06 2.999996511657811
3.4185753484762546e-06 2.999996581424655
3.3502038415067294e-06 2.9999966497961617
3.283199764676596e-06 2.9999967168002386
3.2175357693830636e-06 2.9999967824642337
3.153185053995402e-06 2.999996846814949
3.090121352915494e-06 2.99999690987865
3.0283189258571836e-06 2.999996971681077
2.9677525473400406e-06 2.999997032247455
2.908397496393241e-06 2.9999970916025056
2.850229546465376e-06 2.999997149770455
2.7932249555360687e-06 2.999997206775046
2.737360456425348e-06 2.999997262639545
2.6826132472968404e-06 2.999997317386754
2.628960982350904e-06 2.9999973710390186
2.576381762703886e-06 2.9999974236182383
2.5248541274498087e-06 2.999997475145874
2.4743570449008123e-06 2.9999975256429563
2.4248699040027956e-06 2.9999975751300973
2.37637250592274e-06 2.9999976236274954
2.328845055804285e-06 2.9999976711549454
2.2822681546881986e-06 2.9999977177318464
2.2366227915944347e-06 2.9999977633772095
2.191890335762546e-06 2.9999978081096654
2.1480525290472952e-06 2.9999978519474717
2.1050914784663494e-06 2.9999978949085224
2.0629896488970224e-06 2.999997937010352
2.0217298559190816e-06 2.999997978270145
1.9812952588006998e-06 2.999998018704742
1.941669353624686e-06 2.999998058330647
1.9028359665521918e-06 2.9999980971640343
1.8647792472211477e-06 2.9999981352207534
1.8274836622767245e-06 2.9999981725163383
1.79093398903119e-06 2.999998209066012
1.7551153092505662e-06 2.9999982448846914
1.720013003065555e-06 2.9999982799869973
1.6856127430042438e-06 2.9999983143872573
1.651900488144159e-06 2.999998348099512
1.6188624783812757e-06 2.999998381137522
1.5864852288136503e-06 2.999998413514772
1.5547555242373771e-06 2.9999984452444766
1.5236604137526294e-06 2.999998476339587
1.493187205477577e-06 2.9999985068127955
1.4633234613680256e-06 2.9999985366765394
1.4340569921406649e-06 2.9999985659430086
1.4053758522978513e-06 2.9999985946241483
1.3772683352518944e-06 2.9999986227316655
1.3497229685468564e-06 2.9999986502770324
1.3227285091759195e-06 2.999998677271492
1.296273938992401e-06 2.999998703726062
1.270348460212553e-06 2.999998729651541
1.2449414910083018e-06 2.99999875505851
1.2200426611881358e-06 2.9999987799573398
1.1956418079643732e-06 2.999998804358193
1.1717289718050859e-06 2.9999988282710293
1.1482943923689841e-06 2.999998851705609
1.1253285045216045e-06 2.9999988746714967
1.1028219344311724e-06 2.9999988971780667
1.0807654957425489e-06 2.999998919234505
1.059150185827698e-06 2.999998940849815
1.037967182111144e-06 2.999998962032819
1.0172078384689213e-06 2.9999989827921625
9.96863681699543e-07 2.999999003136319
9.76926408065552e-07 2.9999990230735927
9.57387879904241e-07 2.999999042612121
9.382401223061563e-07 2.9999990617598784
9.194753198600332e-07 2.999999080524681
9.010858134628325e-07 2.9999990989141874
8.830640971935759e-07 2.9999991169359035
8.654028152497043e-07 2.9999991345971853
8.480947589447102e-07 2.9999991519052416
8.31132863765816e-07 2.999999168867137
8.145102064904998e-07 2.999999185489794
7.982200023606898e-07 2.9999992017799983
7.82255602313476e-07 2.9999992177443984
7.666104902672064e-07 2.9999992333895102
7.512782804618624e-07 2.99999924872172
7.362527148526251e-07 2.9999992637472856
7.215276605555726e-07 2.9999992784723397
7.07097107344461e-07 2.999999292902893
6.929551651975719e-07 2.999999307044835
6.790960618936204e-07 2.9999993209039384
6.65514140655748e-07 2.9999993344858598
6.52203857842633e-07 2.9999993477961424
6.391597806857804e-07 2.9999993608402193
6.263765850720647e-07 2.999999373623415
6.138490533706234e-07 2.999999386150947
6.015720723032109e-07 2.9999993984279283
5.895406308571467e-07 2.99999941045937
5.777498182400037e-07 2.9999994222501827
5.661948218752036e-07 2.999999433805179
5.548709254376996e-07 2.9999994451290757
5.437735069289456e-07 2.999999456226494
5.328980367903667e-07 2.9999994671019645
5.222400760545595e-07 2.9999994777599253
5.117952745334683e-07 2.9999994882047267
5.015593690427989e-07 2.999999498440632
4.915281816619429e-07 2.9999995084718196
4.816976180287041e-07 2.999999518302383
4.7206366566812997e-07 2.9999995279363354
4.6262239235476735e-07 2.9999995373776085
4.53369944507672e-07 2.999999546630056
4.4430254561751857e-07 2.999999555697455
4.3541649470516817e-07 2.999999564583506
4.267081648110648e-07 2.999999573291836
4.181740015148435e-07 2.9999995818259992
4.0981052148454665e-07 2.9999995901894794
4.0161431105485574e-07 2.9999995983856897
3.935820248337586e-07 2.999999606417976
3.857103843370834e-07 2.999999614289617
3.7799617665034175e-07 2.9999996220038243
3.704362531173349e-07 2.9999996295637477
3.6302752805498824e-07 2.999999636972473
3.5576697749388846e-07 2.9999996442330232
3.486516379440107e-07 2.9999996513483627
3.416786051851305e-07 2.9999996583213955
3.3484503308142786e-07 2.9999996651549674
3.281481324197993e-07 2.999999671851868
3.2158516977140334e-07 2.999999678414831
3.1515346637597525e-07 2.999999684846534
3.0885039704845576e-07 2.999999691149603
3.0267338910748664e-07 2.999999697326611
2.966199213253369e-07 2.999999703380079
2.9068752289883015e-07 2.9999997093124775
2.8487377244085355e-07 2.999999715126228
2.7917629699203646e-07 2.9999997208237033
2.7359277105219576e-07 2.9999997264072293
2.6812091563115186e-07 2.9999997318790848
2.627584973185288e-07 2.9999997372415033
2.5750332737215824e-07 2.9999997424966733
2.523532608247151e-07 2.99999974764674
2.4730619560822077e-07 2.9999997526938054
2.4236007169605637e-07 2.9999997576399293
2.3751287026213525e-07 2.9999997624871306
2.3276261285689254e-07 2.999999767237388
2.2810736059975468e-07 2.9999997718926403
2.2354521338775957e-07 2.9999997764547874
2.1907430912000437e-07 2.9999997809256915
2.146928229376043e-07 2.999999785307178
2.103989664788522e-07 2.999999789601034
2.0619098714927516e-07 2.9999997938090135
2.0206716740628965e-07 2.999999797932833
1.9802582405816385e-07 2.9999998019741763
1.9406530757700058e-07 2.9999998059346926
1.9018400142546055e-07 2.9999998098159986
1.8638032139695135e-07 2.9999998136196786
1.8265271496901232e-07 2.999999817347285
1.7899966066963207e-07 2.999999821000339
1.7541966745623942e-07 2.9999998245803323
1.7191127410711462e-07 2.9999998280887255
1.6847304862497232e-07 2.999999831526951
1.6510358765247287e-07 2.9999998348964123
1.6180151589942341e-07 2.9999998381984843
1.5856548558143494e-07 2.9999998414345144
1.5539417586980624e-07 2.9999998446058243
1.5228629235241011e-07 2.999999847713708
1.492405665053619e-07 2.999999850759434
1.4625575517525466e-07 2.9999998537442454
1.4333064007174956e-07 2.9999998566693606
1.4046402727031458e-07 2.9999998595359734
1.376547467249083e-07 2.9999998623452537
1.3490165179041012e-07 2.999999865098349
1.322036187546019e-07 2.9999998677963817
1.2955954637950988e-07 2.9999998704404542
1.2696835545191968e-07 2.999999873031645
1.2442898834288128e-07 2.999999875571012
1.2194040857602366e-07 2.9999998780595916
1.195016004045032e-07 2.9999998804984
1.1711156839641313e-07 2.999999882888432
1.1476933702848486e-07 2.9999998852306633
1.1247395028791516e-07 2.99999988752605
1.1022447128215686e-07 2.9999998897755287
1.0801998185651373e-07 2.999999891980018
1.0585958221938345e-07 2.9999998941404176
1.0374239057499578e-07 2.9999998962576093
1.0166754276349587e-07 2.999999898332457
9.963419190822595e-08 2.999999900365808
9.764150807006143e-08 2.999999902358492
9.56886779086602e-08 2.999999904311322
9.3774904350487e-08 2.9999999062250957
9.189940626347726e-08 2.9999999081005937
9.006141813820771e-08 2.9999999099385817
8.826018977544356e-08 2.99999991173981
8.649498597993469e-08 2.999999913505014
8.476508626033599e-08 2.999999915234914
8.306978453512926e-08 2.9999999169302156
8.140838884442668e-08 2.999999918591611
7.978022106753814e-08 2.999999920219779
7.818461664618738e-08 2.9999999218153834
7.662092431326363e-08 2.9999999233790757
7.508850582699836e-08 2.9999999249114944
7.35867357104584e-08 2.9999999264132646
7.211500099624923e-08 2.9999999278849994
7.067270097632425e-08 2.9999999293272994
6.925924695679777e-08 2.999999930740753
6.787406201766182e-08 2.999999932125938
6.651658077730858e-08 2.9999999334834193
6.518624916176241e-08 2.9999999348137507
6.388252417852716e-08 2.999999936117476
6.260487369495661e-08 2.9999999373951263
6.135277622105748e-08 2.999999938647224
6.012572069663633e-08 2.999999939874279
5.89232062827036e-08 2.9999999410767937
5.774474215704953e-08 2.9999999422552577
5.6589847313908544e-08 2.9999999434101525
5.5458050367630373e-08 2.9999999445419494
5.434888936027777e-08 2.9999999456511106
5.3261911573072216e-08 2.9999999467380882
5.219667334161077e-08 2.9999999478033264
5.115273987477855e-08 2.9999999488472597
5.012968507728298e-08 2.9999999498703147
4.912709137573732e-08 2.9999999508729083
4.814454954822257e-08 2.9999999518554503
4.718165855725812e-08 2.9999999528183414
4.623802538611296e-08 2.9999999537619746
4.53132648783907e-08 2.9999999546867353
4.4406999580822885e-08 2.9999999555930006
4.351885958920643e-08 2.9999999564811404
4.26484823974223e-08 2.9999999573515175
4.179551274947385e-08 2.999999958204487
4.095960249448438e-08 2.9999999590403976
4.014041044459469e-08 2.99999995985959
3.9337602235702796e-08 2.999999960662398
3.855085019098874e-08 2.99999996144915
3.7779833187168964e-08 2.999999962220167
3.702423652342558e-08 2.9999999629757634
3.628375179295707e-08 2.999999963716248
3.555807675709793e-08 2.999999964441923
3.4846915221955975e-08 2.9999999651530844
3.414997691751685e-08 2.999999965850023
3.346697737916652e-08 2.9999999665330224
3.2797637831583186e-08 2.999999967202362
3.214168507495152e-08 2.9999999678583147
3.149885137345249e-08 2.9999999685011485
3.086887434598344e-08 2.9999999691311254
3.025149685906377e-08 2.999999969748503
2.9646466921882495e-08 2.999999970353533
2.9053537583444845e-08 2.999999970946462
2.847246683177595e-08 2.999999971527533
2.7903017495140432e-08 2.9999999720969823
2.7344957145237623e-08 2.9999999726550426
2.679805800233287e-08 2.9999999732019416
2.6262096842286212e-08 2.9999999737379026
2.573685490544049e-08 2.9999999742631447
2.522211780733168e-08 2.999999974777882
2.4717675451185045e-08 2.999999975282324
2.4223321942161346e-08 2.9999999757766775
2.373885550331812e-08 2.999999976261144
2.3264078393251756e-08 2.999999976735921
2.279879682538672e-08 2.9999999772012025
2.2342820888878988e-08 2.9999999776571786
2.189596447110141e-08 2.999999978104035
2.1458045181679383e-08 2.9999999785419544
2.1028884278045796e-08 2.999999978971115
2.060830659248488e-08 2.999999979391693
2.019614046063518e-08 2.9999999798038592
1.9792217651422476e-08 2.999999980207782
1.9396373298394028e-08 2.999999980603626
1.9008445832426145e-08 2.9999999809915536
1.8628276915777624e-08 2.9999999813717224
1.825571137746207e-08 2.999999981744288
1.789059714991283e-08 2.999999982109402
1.753278520691457e-08 2.999999982467214
1.718212950277628e-08 2.9999999828178696
1.6838486912720754e-08 2.999999983161512
1.6501717174466338e-08 2.999999983498282
1.617168283097701e-08 2.999999983828316
1.5848249174357468e-08 2.9999999841517497
1.5531284190870318e-08 2.999999984468715
1.5220658507052912e-08 2.9999999847793406
1.4916245336911853e-08 2.999999985083754
1.4617920430173615e-08 2.999999985382079
1.4325562021570142e-08 2.9999999856744375
1.4039050781138739e-08 2.9999999859609487
1.3758269765515963e-08 2.99999998624173
1.3483104370205643e-08 2.999999986516895
1.3213442282801531e-08 2.999999986786557
1.2949173437145501e-08 2.9999999870508263
1.2690189968402591e-08 2.9999999873098098
1.243638616903454e-08 2.9999999875636134
1.218765844565385e-08 2.999999987812341
1.1943905276740774e-08 2.999999988056094
1.1705027171205959e-08 2.9999999882949724
1.1470926627781839e-08 2.999999988529073
1.1241508095226203e-08 2.999999988758492
1.1016677933321679e-08 2.999999988983322
1.0796344374655246e-08 2.9999999892036557
1.058041748716214e-08 2.9999999894195826
1.0368809137418898e-08 2.999999989631191
1.016143295467052e-08 2.9999999898385674
9.95820429557711e-09 2.999999990041796
9.759040209665567e-09 2.99999999024096
9.563859405472255e-09 2.999999990436141
9.37258221736281e-09 2.999999990627418
9.185130573015555e-09 2.99999999081487
9.001427961555244e-09 2.9999999909985724
8.82139940232414e-09 2.999999991178601
8.644971414277657e-09 2.999999991355029
8.472071985992103e-09 2.9999999915279285
8.302630546272261e-09 2.99999999169737
8.136577935346817e-09 2.9999999918634224
7.97384637663988e-09 2.999999992026154
7.814369449107083e-09 2.999999992185631
7.658082060124941e-09 2.9999999923419183
7.504920418922443e-09 2.9999999924950798
7.354822010543993e-09 2.9999999926451784
7.207725570333114e-09 2.999999992792275
7.063571058926451e-09 2.9999999929364294
6.922299637747922e-09 2.999999993077701
6.7838536449929635e-09 2.999999993216147
6.648176572093104e-09 2.999999993351824
6.515213040651242e-09 2.9999999934847876
6.3849087798382175e-09 2.999999993615092
6.257210604241453e-09 2.99999999374279
6.132066392156624e-09 2.9999999938679345
6.009425064313492e-09 2.999999993990576
5.889236563027222e-09 2.9999999941107642
5.771451831766677e-09 2.999999994228549
5.656022795131343e-09 2.999999994343978
5.542902339228716e-09 2.9999999944570988
5.432044292444142e-09 2.9999999945679567
5.323403406595259e-09 2.9999999946765974
5.216935338463354e-09 2.9999999947830656
5.1125966316940866e-09 2.9999999948874043
5.010344699060205e-09 2.9999999949896563
4.910137805079001e-09 2.9999999950898633
4.8119350489774214e-09 2.999999995188066
4.715696347997873e-09 2.9999999952843046
4.621382421037915e-09 2.9999999953786185
4.528954772617157e-09 2.9999999954710463
4.4383756771648136e-09 2.9999999955616254
4.349608163621517e-09 2.999999995650393
4.2626160003490875e-09 2.9999999957373853
4.177363680342106e-09 2.9999999958226375
4.093816406735264e-09 2.999999995906185
4.0119400786005585e-09 2.999999995988061
3.9317012770285475e-09 2.9999999960683
3.853067251487977e-09 2.999999996146934
3.776005906458217e-09 2.9999999962239956
3.700485788329053e-09 2.9999999962995156
3.626476072562472e-09 2.9999999963735253
3.5539465511112227e-09 2.999999996446055
3.482867620088998e-09 2.9999999965171336
3.413210267687218e-09 2.9999999965867907
3.3449460623334735e-09 2.999999996655055
3.278047141086804e-09 2.9999999967219537
3.212486198265068e-09 2.9999999967875146
3.1482364742997668e-09 2.999999996851764
3.0852717448137713e-09 2.999999996914729
3.023566309917496e-09 2.999999996976434
2.9630949837191457e-09 2.9999999970369053
2.9038330840447626e-09 2.9999999970961673
2.845756422363867e-09 2.999999997154244
2.78884129391659e-09 2.999999997211159
2.7330644680382584e-09 2.9999999972669356
2.678403178677493e-09 2.9999999973215967
2.624835115103943e-09 2.999999997375165
2.572338412801864e-09 2.9999999974276617
2.5208916445458267e-09 2.9999999974791085
2.4704738116549103e-09 2.9999999975295264
2.421064335421812e-09 2.9999999975789358
2.372643048713376e-09 2.999999997627357
2.3251901877391083e-09 2.9999999976748097
2.278686383984326e-09 2.9999999977213134
2.2331126563046395e-09 2.999999997766887
2.1884504031785465e-09 2.9999999978115492
2.1446813951149754e-09 2.9999999978553182
2.1017877672126758e-09 2.999999997898212
2.0597520118684224e-09 2.9999999979402476
2.018556971631054e-09 2.9999999979814427
1.9781858321984327e-09 2.999999998021814
1.9386221155544642e-09 2.999999998061378
1.899849673243375e-09 2.9999999981001504
1.8618526797785074e-09 2.9999999981381476
1.8246156261829372e-09 2.9999999981753844
1.7881233136592786e-09 2.9999999982118766
1.7523608473860931e-09 2.999999998247639
1.7173136304383712e-09 2.999999998282686
1.6829673578296037e-09 2.9999999983170325
1.6493080106730115e-09 2.9999999983506918
1.6163218504595514e-09 2.999999998383678
1.5839954134503603e-09 2.9999999984160044
1.5523155051813532e-09 2.9999999984476844
1.5212691950777261e-09 2.9999999984787307
1.4908438111761716e-09 2.999999998509156
1.4610269349526482e-09 2.999999998538973
1.4318063962535953e-09 2.9999999985681938
1.4031702683285234e-09 2.99999999859683
1.375106862961953e-09 2.9999999986248933
1.347604725702714e-09 2.9999999986523953
1.3206526311886597e-09 2.9999999986793475
1.2942395785648866e-09 2.9999999987057606
1.2683547869935888e-09 2.9999999987316452
1.242987691253717e-09 2.9999999987570125
1.2181279374286426e-09 2.999999998781872
1.1937653786800698e-09 2.999999998806235
1.1698900711064683e-09 2.99999999883011
1.146492269684339e-09 2.9999999988535078
1.1235624242906522e-09 2.9999999988764374
1.1010911758048392e-09 2.999999998898909
1.0790693522887425e-09 2.9999999989209307
1.0574879652429675e-09 2.999999998942512
1.0363382059381081e-09 2.999999998963662
1.0156114418193459e-09 2.999999998984389
9.95299212982959e-10 2.999999999004701
9.753932287232997e-10 2.999999999024607
9.558853641488337e-10 2.999999999044115
9.36767656865857e-10 2.9999999990632324
9.1803230372854e-10 2.9999999990819677
8.996716576539692e-10 2.9999999991003286
8.816782245008898e-10 2.999999999118322
8.640446600108721e-10 2.9999999991359556
8.467637668106546e-10 2.9999999991532365
8.298284914744416e-10 2.999999999170172
8.132319216449527e-10 2.9999999991867683
7.969672832120536e-10 2.999999999203033
7.810279375478126e-10 2.9999999992189723
7.654073787968563e-10 2.9999999992345927
7.500992312209192e-10 2.999999999249901
7.350972465965009e-10 2.9999999992649027
7.203953016645709e-10 2.9999999992796047
7.059873956312795e-10 2.9999999992940127
6.918676477186538e-10 2.9999999993081325
6.780302947642808e-10 2.99999999932197
6.644696888689952e-10 2.9999999993355306
6.511802950916153e-10 2.99999999934882
6.38156689189783e-10 2.999999999361844
6.253935554059874e-10 2.999999999374607
6.128856842978677e-10 2.9999999993871147
6.006279706119104e-10 2.9999999993993725
5.886154111996721e-10 2.999999999411385
5.768431029756788e-10 2.9999999994231574
5.653062409161652e-10 2.9999999994346944
5.540001160978419e-10 2.9999999994460005
5.429201137758851e-10 2.9999999994570805
5.320617115003674e-10 2.999999999467939
5.2142047727036e-10 2.99999999947858
5.109920677249529e-10 2.9999999994890088
5.007722263704538e-10 2.9999999994992286
4.907567818430447e-10 2.999999999509244
4.809416462061839e-10 2.9999999995190594
4.713228132820602e-10 2.9999999995286784
4.6189635701641903e-10 2.9999999995381046
4.5265842987609067e-10 2.9999999995473425
4.4360526127856884e-10 2.9999999995563957
4.3473315605299746e-10 2.9999999995652677
4.260384929319375e-10 2.9999999995739626
4.1751772307329873e-10 2.9999999995824833
4.0916736861183275e-10 2.9999999995908335
4.009840212395961e-10 2.9999999995990168
3.929643408148042e-10 2.9999999996070366
3.851050539985081e-10 2.999999999614896
3.774029529185379e-10 2.9999999996225983
3.6985489386016715e-10 2.9999999996301465
3.624577959829638e-10 2.9999999996375437
3.5520864006330454e-10 2.999999999644793
3.4810446726203845e-10 2.999999999651897
3.411423779167977e-10 2.999999999658859
3.343195303584618e-10 2.999999999665682
3.2763313975129255e-10 2.9999999996723683
3.2108047695626673e-10 2.999999999678921
3.1465886741714137e-10 2.9999999996853424
3.0836569006879855e-10 2.9999999996916356
3.021983762674226e-10 2.999999999697803
2.9615440874207414e-10 2.999999999703847
2.9023132056723267e-10 2.9999999997097704
2.8442669415588807e-10 2.999999999715575
2.787381602727703e-10 2.9999999997212634
2.731633970673149e-10 2.999999999726838
2.677001291259686e-10 2.9999999997323012
2.623461265434492e-10 2.999999999737655
2.5709920401258023e-10 2.999999999742902
2.519572199323286e-10 2.999999999748044
2.4691807553368206e-10 2.9999999997530833
2.419797140230084e-10 2.9999999997580216
2.371401197425482e-10 2.9999999997628612
2.3239731734769722e-10 2.999999999767604
2.277493710007433e-10 2.999999999772252
2.2319438358072844e-10 2.999999999776807
2.1873049590911385e-10 2.999999999781271
2.1435588599093155e-10 2.9999999997856457
2.100687682711129e-10 2.999999999789933
2.0586739290569065e-10 2.9999999997941345
2.0175004504757684e-10 2.9999999997982516
1.9771504414662528e-10 2.9999999998022866
1.937607432636928e-10 2.9999999998062408
1.8988552839841894e-10 2.999999999810116
1.8608781783045056e-10 2.9999999998139137
1.8236606147384153e-10 2.9999999998176357
1.787187402443647e-10 2.999999999821283
1.751443654394774e-10 2.9999999998248574
1.7164147813068784e-10 2.9999999998283604
1.682086485680741e-10 2.999999999831793
1.648444755967126e-10 2.999999999835157
1.6154758608477835e-10 2.999999999838454
1.5831663436308277e-10 2.999999999841685
1.551503016758211e-10 2.999999999844851
1.5204729564230466e-10 2.999999999847954
1.490063497294586e-10 2.999999999850995
1.4602622273486944e-10 2.9999999998539755
1.4310569828017207e-10 2.999999999856896
1.4024358431456864e-10 2.999999999859758
1.3743871262827725e-10 2.999999999862563
1.346899383757117e-10 2.9999999998653117
1.3199613960819748e-10 2.9999999998680056
1.2935621681603352e-10 2.9999999998706457
1.2676909247971283e-10 2.999999999873233
1.2423371063011856e-10 2.9999999998757683
1.217490364175162e-10 2.999999999878253
1.1931405568916586e-10 2.999999999880688
1.1692777457538254e-10 2.999999999883074
1.1458921908387488e-10 2.9999999998854125
1.122974347021974e-10 2.9999999998877045
1.1005148600815346e-10 2.9999999998899503
1.0785045628799039e-10 2.999999999892151
1.0569344716223057e-10 2.999999999894308
1.0357957821898594e-10 2.999999999896422
1.0150798665460623e-10 2.9999999998984936
9.94778269215141e-11 2.9999999999005236
9.748827038308383e-11 2.999999999902513
9.553850497542215e-11 2.9999999999044626
9.36277348759137e-11 2.9999999999063736
9.175518017839543e-11 2.9999999999082463
8.992007657482752e-11 2.9999999999100813
8.812167504333098e-11 2.99999999991188
8.635924154246438e-11 2.9999999999136424
8.463205671161509e-11 2.9999999999153695
8.29394155773828e-11 2.999999999917062
8.128062726583515e-11 2.9999999999187206
7.965501472051845e-11 2.9999999999203464
7.806191442610808e-11 2.9999999999219393
7.650067613758593e-11 2.9999999999235007
7.497066261483423e-11 2.9999999999250306
7.347124936253754e-11 2.99999999992653
7.200182437528679e-11 2.9999999999279994
7.056178788778103e-11 2.9999999999294396
6.915055213002541e-11 2.999999999930851
6.776754108742487e-11 2.9999999999322338
6.641219026567635e-11 2.999999999933589
6.508394646036283e-11 2.9999999999349174
6.37822675311556e-11 2.999999999936219
6.25066221805325e-11 2.9999999999374944
6.125648973692184e-11 2.9999999999387446
6.003135994218339e-11 2.99999999993997
5.883073274333973e-11 2.9999999999411706
5.7654118088472913e-11 2.999999999942347
5.6501035726703476e-11 2.9999999999435
5.537101501216941e-11 2.99999999994463
5.426359471192604e-11 2.9999999999457376
5.3178322817687505e-11 2.999999999946823
5.211475636133376e-11 2.9999999999478866
5.107246123410708e-11 2.999999999948929
5.005101200942493e-11 2.9999999999499503
4.904999176923642e-11 2.9999999999509512
4.806899193385168e-11 2.9999999999519322
4.710761209517466e-11 2.9999999999528937
4.616545985327115e-11 2.9999999999538356
4.5242150656205705e-11 2.999999999954759
4.4337307643081585e-11 2.9999999999556635
4.3450561490219934e-11 2.9999999999565503
4.2581550260415533e-11 2.9999999999574194
4.172991925520722e-11 2.999999999958271
4.08953208701031e-11 2.9999999999591056
4.007741445270104e-11 2.9999999999599236
3.9275866163647025e-11 2.999999999960725
3.849034884037409e-11 2.999999999961511
3.772054186356659e-11 2.9999999999622804
3.696613102629527e-11 2.999999999963035
3.622680840576938e-11 2.9999999999637743
3.5502272237653985e-11 2.9999999999644986
3.47922267929009e-11 2.9999999999652087
3.4096382257042895e-11 2.9999999999659046
3.341445461190205e-11 2.9999999999665867
3.2746165519664025e-11 2.999999999967255
3.2091242209270745e-11 2.99999999996791
3.144941736508532e-11 2.999999999968552
3.0820429017783626e-11 2.9999999999691807
3.020402043742795e-11 2.999999999969797
2.9599940028679383e-11 2.999999999970401
2.9007941228105774e-11 2.999999999970993
2.8427782403543663e-11 2.999999999971573
2.7859226755472788e-11 2.9999999999721414
2.7302042220363343e-11 2.9999999999726987
2.675600137595609e-11 2.999999999973245
2.6220881348436985e-11 2.99999999997378
2.5696463721468248e-11 2.9999999999743046
2.5182534447038902e-11 2.9999999999748184
2.4678883758098133e-11 2.999999999975322
2.418530608293618e-11 2.9999999999758153
2.370159996127746e-11 2.999999999976299
2.3227567962051918e-11 2.999999999976773
2.2763016602810857e-11 2.9999999999772373
2.230775627075463e-11 2.9999999999776925
2.1861601145339552e-11 2.999999999978139
2.1424369122432774e-11 2.9999999999785762
2.0995881739984117e-11 2.999999999979005
2.0575964105184427e-11 2.999999999979425
2.016444482308075e-11 2.9999999999798366
1.976115592661915e-11 2.99999999998024
1.9365932808086768e-11 2.999999999980635
1.897861415192501e-11 2.9999999999810223
1.859904186888652e-11 2.999999999981402
1.822706103150878e-11 2.999999999981774
1.786251981087861e-11 2.9999999999821387
1.750526941466105e-11 2.999999999982496
1.7155164026367816e-11 2.9999999999828457
1.681206074584045e-11 2.999999999983189
1.6475819530923644e-11 2.999999999983525
1.6146303140305172e-11 2.9999999999838547
1.5823377077499057e-11 2.9999999999841775
1.5506909535949075e-11 2.999999999984494
1.5196771345230097e-11 2.999999999984804
1.489283591832551e-11 2.999999999985108
1.4594979199958996e-11 2.999999999985406
1.4303079615959832e-11 2.9999999999856977
1.4017018023640652e-11 2.9999999999859837
1.3736677663167836e-11 2.999999999986264
1.3461944109904472e-11 2.9999999999865388
1.3192705227706393e-11 2.999999999986808
1.292885112315225e-11 2.9999999999870717
1.2670274100689203e-11 2.99999999998733
1.2416868618675439e-11 2.9999999999875837
1.2168531246301912e-11 2.999999999987832
1.1925160621375886e-11 2.9999999999880753
1.1686657408948383e-11 2.999999999988314
1.1452924260769421e-11 2.9999999999885474
1.1223865775554023e-11 2.9999999999887765
1.0999388460042947e-11 2.999999999989001
1.0779400690842082e-11 2.9999999999892206
1.0563812677025245e-11 2.999999999989436
1.0352536423484742e-11 2.9999999999896474
1.0145485695015041e-11 2.9999999999898543
9.942575981114734e-12 2.9999999999900573
9.743724461492445e-12 2.9999999999902562
9.548849972262618e-12 2.999999999990451
9.357872972817361e-12 2.999999999990642
9.170715513361027e-12 2.999999999990829
8.987301203093792e-12 2.9999999999910125
8.807555179031927e-12 2.9999999999911924
8.631404075451292e-12 2.9999999999913687
8.458775993942258e-12 2.9999999999915414
8.289600474063416e-12 2.9999999999917106
8.123808464582155e-12 2.9999999999918763
7.961332295290516e-12 2.999999999992039
7.802105649384714e-12 2.9999999999921982
7.646063536397016e-12 2.999999999992354
7.493142265669073e-12 2.999999999992507
7.3432794203557e-12 2.9999999999926565
7.19641383194859e-12 2.9999999999928035
7.0524855553096185e-12 2.9999999999929474
6.911435844203418e-12 2.9999999999930886
6.773207127319342e-12 2.9999999999932268
6.63774298477295e-12 2.999999999993362
6.504988125077506e-12 2.999999999993495
6.3748883625759685e-12 2.999999999993625
6.2473905953244396e-12 2.9999999999937526
6.1224427834179476e-12 2.9999999999938773
5.999993927749568e-12 2.999999999994
5.879994049194567e-12 2.99999999999412
5.762394168210671e-12 2.9999999999942375
5.647146284846443e-12 2.999999999994353
5.534203359149517e-12 2.9999999999944658
5.423519291966541e-12 2.9999999999945763
5.3150489061272174e-12 2.9999999999946847
5.208747928004659e-12 2.999999999994791
5.1045729694445666e-12 2.999999999994895
5.002481510055691e-12 2.9999999999949973
4.902431879854563e-12 2.9999999999950973
4.804383242257464e-12 2.9999999999951954
4.70829557741233e-12 2.9999999999952913
4.614129665864077e-12 2.9999999999953855
4.521847072546818e-12 2.999999999995478
4.431410131095868e-12 2.9999999999955684
4.342781928473945e-12 2.9999999999956573
4.255926289904474e-12 2.9999999999957443
4.170807764106371e-12 2.9999999999958296
4.0873916088242494e-12 2.999999999995913
4.005643776647753e-12 2.9999999999959948
3.925530901114799e-12 2.9999999999960747
3.847020283092508e-12 2.9999999999961533
3.770079877430661e-12 2.99999999999623
3.694678279882039e-12 2.9999999999963056
3.6207847142843947e-12 2.9999999999963793
3.5483690199987133e-12 2.9999999999964517
3.4774016395987323e-12 2.999999999996523
3.40785360680676e-12 2.9999999999965925
3.3396965346706255e-12 2.9999999999966604
3.2729026039772268e-12 2.999999999996727
3.2074445518976825e-12 2.9999999999967923
3.14329566085971e-12 2.9999999999968563
3.080429747642515e-12 2.9999999999969194
3.01882115268964e-12 2.999999999996981
2.958444729635852e-12 2.9999999999970415
2.8992758350431283e-12 2.9999999999971005
2.8412903183422725e-12 2.9999999999971587
2.7844645119754195e-12 2.9999999999972156
2.7287752217358985e-12 2.999999999997271
2.674199717301175e-12 2.9999999999973257
2.620715722955144e-12 2.999999999997379
2.5683014084960325e-12 2.9999999999974314
2.516935380326103e-12 2.999999999997483
2.466596672719594e-12 2.999999999997533
2.4172647392651897e-12 2.9999999999975824
2.368919444479906e-12 2.999999999997631
2.3215410555903063e-12 2.9999999999976783
2.2751102344784923e-12 2.999999999997725
2.2296080297889233e-12 2.9999999999977702
2.185015869193152e-12 2.9999999999978146
2.1413155518092692e-12 2.999999999997858
2.0984892407731014e-12 2.999999999997901
2.0565194559576245e-12 2.999999999997943
2.015389066838447e-12 2.9999999999979843
1.975081285501662e-12 2.9999999999980247
1.9355796597916474e-12 2.999999999998064
1.8968680665957984e-12 2.999999999998103
1.85893070526386e-12 2.9999999999981406
1.821752091158573e-12 2.999999999998178
1.785317049335394e-12 2.9999999999982143
1.7496107083486738e-12 2.99999999999825
1.7146184941817244e-12 2.999999999998285
1.6803261242980988e-12 2.999999999998319
1.6467196018121526e-12 2.999999999998353
1.6137852097759135e-12 2.9999999999983857
1.5815095055803839e-12 2.999999999998418
1.5498793154687695e-12 2.9999999999984497
1.5188817291594162e-12 2.9999999999984808
1.4885040945762318e-12 2.999999999998511
1.4587340126846956e-12 2.9999999999985407
1.4295593324310114e-12 2.99999999999857
1.4009681457823896e-12 2.9999999999985985
1.3729487828667494e-12 2.9999999999986264
1.3454898072094159e-12 2.999999999998654
1.3185800110652155e-12 2.999999999998681
1.2922084108439274e-12 2.9999999999987073
1.2663642426270556e-12 2.999999999998733
1.241036957774524e-12 2.9999999999987583
1.2162162186190436e-12 2.999999999998783
1.1918918942466567e-12 2.9999999999988076
1.1680540563617182e-12 2.9999999999988316
1.1446929752344885e-12 2.999999999998855
1.121799115729798e-12 2.9999999999988782
1.0993631334151956e-12 2.999999999998901
1.0773758707468764e-12 2.999999999998923
1.0558283533319338e-12 2.999999999998945
1.034711786265298e-12 2.999999999998966
1.0140175505399952e-12 2.999999999998987
9.9373719952919e-13 2.9999999999990075
9.738624555385959e-13 2.9999999999990274
9.54385206427839e-13 2.999999999999047
9.35297502299288e-13 2.999999999999066
9.16591552253297e-13 2.9999999999990847
8.982597212082256e-13 2.999999999999103
8.802945267840604e-13 2.9999999999991207
8.626886362483824e-13 2.9999999999991385
8.45434863523428e-13 2.999999999999156
8.285261662529651e-13 2.9999999999991727
8.119556429279146e-13 2.999999999999189
7.957165300693621e-13 2.9999999999992055
7.798021994679502e-13 2.9999999999992215
7.642061554786009e-13 2.999999999999237
7.489220323690291e-13 2.999999999999252
7.339435917216598e-13 2.9999999999992673
7.192647198872351e-13 2.999999999999282
7.048794254894997e-13 2.999999999999296
6.907818369797077e-13 2.9999999999993103
6.769662002401233e-13 2.999999999999324
6.634268762353406e-13 2.9999999999993374
6.501583387106202e-13 2.9999999999993507
6.371551719363999e-13 2.9999999999993636
6.244120684976705e-13 2.9999999999993765
6.119238271277388e-13 2.999999999999389
5.99685350585186e-13 2.9999999999994014
5.876916435734671e-13 2.9999999999994134
5.759378107020015e-13 2.999999999999425
5.644190544879693e-13 2.9999999999994365
5.531306733982344e-13 2.9999999999994476
5.420680599302689e-13 2.9999999999994587
5.312266987316489e-13 2.9999999999994693
5.20602164757013e-13 2.99999999999948
5.101901214618566e-13 2.99999999999949
4.99986319032604e-13 2.9999999999995004
4.899865926519617e-13 2.9999999999995106
4.801868607989382e-13 2.9999999999995204
4.7058312358296e-13 2.99999999999953
4.611714611112817e-13 2.9999999999995395
4.5194803188905325e-13 2.999999999999549
4.429090712512588e-13 2.9999999999995577
4.3405088982623667e-13 2.9999999999995666
4.253698720297143e-13 2.9999999999995755
4.1686247458910996e-13 2.999999999999584
4.085252250973149e-13 2.9999999999995923
4.0035472059537724e-13 2.9999999999996003
3.923476261834755e-13 2.9999999999996083
3.8450067365982606e-13 2.9999999999996163
3.768106601866226e-13 2.999999999999624
3.692744469829008e-13 2.9999999999996314
3.618889580432435e-13 2.999999999999639
3.546511788823689e-13 2.999999999999646
3.4755815530471596e-13 2.999999999999653
3.406069921986217e-13 2.9999999999996603
3.3379485235462763e-13 2.999999999999667
3.27118955307551e-13 2.9999999999996736
3.2057657620141095e-13 2.9999999999996803
3.1416504467739173e-13 2.9999999999996865
3.0788174378384195e-13 2.9999999999996927
3.017241089081777e-13 2.999999999999699
2.956896267299945e-13 2.999999999999705
2.8977583419537975e-13 2.999999999999711
2.8398031751145e-13 2.9999999999997167
2.7830071116124503e-13 2.9999999999997224
2.727346969380109e-13 2.9999999999997278
2.672800029992529e-13 2.999999999999733
2.6193440293927563e-13 2.9999999999997384
2.5669571488047576e-13 2.9999999999997438
2.5156180058284873e-13 2.999999999999749
2.465305645711893e-13 2.999999999999754
2.415999532797619e-13 2.999999999999759
2.367679542141765e-13 2.9999999999997637
2.320325951298905e-13 2.9999999999997686
2.2739194322730446e-13 2.999999999999773
2.2284410436276387e-13 2.9999999999997775
2.1838722227550928e-13 2.999999999999782
2.140194778299872e-13 2.9999999999997864
2.097390882733976e-13 2.999999999999791
2.0554430650793198e-13 2.999999999999795
2.0143342037776875e-13 2.999999999999799
1.974047519702212e-13 2.999999999999803
1.934566569308072e-13 2.999999999999807
1.8958752379219078e-13 2.999999999999811
1.8579577331635826e-13 2.999999999999815
1.8207985785003793e-13 2.9999999999998184
1.7843826069303175e-13 2.999999999999822
1.7486949547917e-13 2.9999999999998255
1.7137210556957423e-13 2.999999999999829
1.679446634581957e-13 2.9999999999998326
1.645857701890252e-13 2.999999999999836
1.61294054785231e-13 2.9999999999998392
1.5806817368952148e-13 2.9999999999998423
1.5490681021574084e-13 2.9999999999998455
1.5180867401142524e-13 2.9999999999998486
1.4877250053121117e-13 2.9999999999998517
1.457970505206004e-13 2.999999999999855
1.4288110951016378e-13 2.999999999999858
1.4002348731993606e-13 2.9999999999998606
1.372230175735382e-13 2.999999999999863
1.3447855722205225e-13 2.999999999999866
1.31788986077599e-13 2.9999999999998685
1.291532063560229e-13 2.999999999999871
1.2657014222891587e-13 2.999999999999874
1.240387393843513e-13 2.9999999999998765
1.2155796459665092e-13 2.999999999999879
1.1912680530472935e-13 2.9999999999998814
1.1674426919862803e-13 2.9999999999998836
1.14409383814635e-13 2.999999999999886
1.1212119613832928e-13 2.999999999999888
1.0987877221558259e-13 2.9999999999998903
1.076811967712622e-13 2.9999999999998925
1.0552757283584162e-13 2.9999999999998948
1.03417021379125e-13 2.999999999999897
1.0134868095155677e-13 2.999999999999899
9.932170733251276e-14 2.9999999999999014
9.733527318585394e-14 2.999999999999903
9.538856772213888e-14 2.999999999999905
9.348079636768538e-14 2.9999999999999067
9.161118044031567e-14 2.9999999999999085
8.97789568315122e-14 2.9999999999999103
8.798337769486843e-14 2.999999999999912
8.622371014096663e-14 2.999999999999914
8.449923593815363e-14 2.9999999999999156
8.280925121937967e-14 2.9999999999999174
8.115306619497657e-14 2.999999999999919
7.953000487108534e-14 2.999999999999921
7.793940477365094e-14 2.9999999999999227
7.638061667817399e-14 2.999999999999924
7.485300434460773e-14 2.9999999999999254
7.33559442577143e-14 2.9999999999999267
7.188882537254119e-14 2.999999999999928
7.045104886507601e-14 2.9999999999999294
6.904202788776492e-14 2.9999999999999307
6.766118733001083e-14 2.999999999999932
6.630796358340287e-14 2.9999999999999334
6.49818043117107e-14 2.9999999999999347
6.368216822548594e-14 2.999999999999936
6.240852486098172e-14 2.9999999999999374
6.116035436377866e-14 2.9999999999999387
5.993714727648907e-14 2.99999999999994
5.873840433096909e-14 2.9999999999999414
5.756363624435255e-14 2.9999999999999427
5.641236351946058e-14 2.999999999999944
5.528411624907405e-14 2.9999999999999454
5.417843392409393e-14 2.9999999999999463
5.3094865245614076e-14 2.999999999999947
5.203296794071639e-14 2.999999999999948
5.09923085818973e-14 2.999999999999949
4.9972462410241364e-14 2.99999999999995
4.8973013162044184e-14 2.9999999999999507
4.7993552898810284e-14 2.9999999999999516
4.7033681840824356e-14 2.9999999999999525
4.609300820402296e-14 2.9999999999999534
4.517114803995991e-14 2.9999999999999543
4.426772507914652e-14 2.999999999999955
4.3382370577559983e-14 2.999999999999956
4.251472316599724e-14 2.999999999999957
4.166442870268792e-14 2.999999999999958
4.0831140128612194e-14 2.9999999999999587
4.0014517326061164e-14 2.9999999999999596
3.9214226979546434e-14 2.9999999999999605
3.8429942439960504e-14 2.9999999999999614
3.766134359118565e-14 2.9999999999999623
3.690811671937455e-14 2.999999999999963
3.616995438497717e-14 2.999999999999964
3.544655529726575e-14 2.999999999999965
3.4737624191308233e-14 2.999999999999966
3.404287170749766e-14 2.9999999999999667
3.3362014273339805e-14 2.9999999999999676
3.2694773987879496e-14 2.999999999999968
3.2040878508128724e-14 2.9999999999999685
3.1400060937968004e-14 2.999999999999969
3.0772059719206696e-14 2.9999999999999694
3.015661852482707e-14 2.99999999999997
2.955348615433768e-14 2.9999999999999702
2.896241643124434e-14 2.9999999999999707
2.8383168102613867e-14 2.999999999999971
2.7815504740565102e-14 2.9999999999999716
2.7259194645736964e-14 2.999999999999972
2.6714010752824412e-14 2.9999999999999725
2.6179730537785333e-14 2.999999999999973
2.5656135927040914e-14 2.9999999999999734
2.5143013208504104e-14 2.999999999999974
2.46401529443286e-14 2.9999999999999742
2.414734988545282e-14 2.9999999999999747
2.3664402887732054e-14 2.999999999999975
2.3191114829989694e-14 2.9999999999999756
2.2727292533391923e-14 2.999999999999976
2.2272746682741494e-14 2.9999999999999765
2.1827291749070157e-14 2.999999999999977
2.1390745914083994e-14 2.9999999999999774
2.096293099579987e-14 2.999999999999978
2.0543672375877623e-14 2.9999999999999782
2.0132798928374998e-14 2.9999999999999787
1.973014294981779e-14 2.999999999999979
1.9335540090825113e-14 2.9999999999999796
1.8948829289008482e-14 2.99999999999998
1.856985270321925e-14 2.9999999999999805
1.8198455649144316e-14 2.999999999999981
1.7834486536150878e-14 2.9999999999999813
1.7477796805429882e-14 2.999999999999982
1.7128240869314043e-14 2.9999999999999822
1.6785676051927633e-14 2.9999999999999827
1.644996253087853e-14 2.999999999999983
1.6120963280257192e-14 2.9999999999999836
1.5798544014644808e-14 2.999999999999984
1.5482573134353934e-14 2.9999999999999845
1.5172921671670037e-14 2.999999999999985
1.4869463238242796e-14 2.9999999999999853
1.457207397349485e-14 2.999999999999986
1.4280632494023173e-14 2.9999999999999862
1.399501984414192e-14 2.9999999999999867
1.371511944724423e-14 2.999999999999987
1.3440817058297233e-14 2.9999999999999876
1.3172000717122889e-14 2.999999999999988
1.290856070277898e-14 2.9999999999999885
1.2650389488709376e-14 2.999999999999989
1.2397381698936548e-14 2.9999999999999893
1.2149434064957194e-14 2.9999999999999893
1.1906445383655275e-14 2.9999999999999893
1.1668316475992629e-14 2.9999999999999893
1.1434950146468843e-14 2.9999999999999893
1.1206251143524118e-14 2.9999999999999893
1.098212612066178e-14 2.9999999999999893
1.076248359825735e-14 2.9999999999999893
1.0547233926302332e-14 2.9999999999999893
1.0336289247768383e-14 2.9999999999999893
1.0129563462806931e-14 2.9999999999999893
9.926972193544378e-15 2.9999999999999893
9.728432749654834e-15 2.9999999999999893
9.533864094644239e-15 2.9999999999999893
9.343186812754865e-15 2.9999999999999893
9.156323076481937e-15 2.9999999999999893
8.973196614958788e-15 2.9999999999999893
8.793732682664613e-15 2.9999999999999893
8.617858029017314e-15 2.9999999999999893
8.445500868446104e-15 2.9999999999999893
8.276590851059684e-15 2.9999999999999893
8.111059034034061e-15 2.9999999999999893
7.948837853356065e-15 2.9999999999999893
7.789861096294771e-15 2.9999999999999893
7.634063874360973e-15 2.9999999999999893
7.48138259686221e-15 2.9999999999999893
7.331754944921033e-15 2.9999999999999893
7.185119846030921e-15 2.9999999999999893
7.0414174491085205e-15 2.9999999999999893
6.9005891001331705e-15 2.9999999999999893
6.762577318142125e-15 2.9999999999999893
6.627325771755167e-15 2.9999999999999893
6.4947792563278765e-15 2.9999999999999893
6.364883671187626e-15 2.9999999999999893
6.23758599777119e-15 2.9999999999999893
6.1128342778285424e-15 2.9999999999999893
5.990577592280116e-15 2.9999999999999893
5.870766040446297e-15 2.9999999999999893
5.753350719624339e-15 2.9999999999999893
5.638283705227754e-15 2.9999999999999893
5.5255180311325016e-15 2.9999999999999893
5.415007670502941e-15 2.9999999999999893
5.306707517072736e-15 2.9999999999999893
5.200573366723544e-15 2.9999999999999893
5.096561899378026e-15 2.9999999999999893
4.9946306613809085e-15 2.9999999999999893
4.8947380481695405e-15 2.9999999999999893
4.796843287200893e-15 2.9999999999999893
4.700906421441031e-15 2.9999999999999893
4.6068882930200235e-15 2.9999999999999893
4.5147505271763696e-15 2.9999999999999893
4.4244555166481e-15 2.9999999999999893
4.335966406312033e-15 2.9999999999999893
4.249247078203531e-15 2.9999999999999893
4.164262136635527e-15 2.9999999999999893
4.0809768939048395e-15 2.9999999999999893
3.999357356031578e-15 2.9999999999999893
3.9193702089286855e-15 2.9999999999999893
3.840982804728643e-15 2.9999999999999893
3.764163148639567e-15 2.9999999999999893
3.688879885668964e-15 2.9999999999999893
3.615102287943049e-15 2.9999999999999893
3.5428002421915044e-15 2.9999999999999893
3.471944237331499e-15 2.9999999999999893
3.402505352605917e-15 2.9999999999999893
3.3344552455561523e-15 2.9999999999999893
3.2677661406483756e-15 2.9999999999999893
3.202410817825354e-15 2.9999999999999893
3.1383626014635905e-15 2.9999999999999893
3.075595349437996e-15 2.9999999999999893
3.0140834424595307e-15 2.9999999999999893
2.953801773619642e-15 2.9999999999999893
2.894725738133225e-15 2.9999999999999893
2.8368312233793663e-15 2.9999999999999893
2.7800945989090043e-15 2.9999999999999893
2.7244927069406224e-15 2.9999999999999893
2.6700028527897706e-15 2.9999999999999893
2.616602795712175e-15 2.9999999999999893
2.5642707397882086e-15 2.9999999999999893
2.512985325014154e-15 2.9999999999999893
2.4627256185092762e-15 2.9999999999999893
2.4134711061364815e-15 2.9999999999999893
2.3652016839989004e-15 2.9999999999999893
2.3178976503335182e-15 2.9999999999999893
2.2715396973386313e-15 2.9999999999999893
2.226108903373533e-15 2.9999999999999893
2.1815867252905487e-15 2.9999999999999893
2.1379549907753456e-15 2.9999999999999893
2.095195890960207e-15 2.9999999999999893
2.0532919731531176e-15 2.9999999999999893
2.01222613369092e-15 2.9999999999999893
1.9719816110158156e-15 2.9999999999999893
1.9325419788014928e-15 2.9999999999999893
1.893891139211604e-15 2.9999999999999893
1.8560133164312147e-15 2.9999999999999893
1.8188930500989883e-15 2.9999999999999893
1.782515189086789e-15 2.9999999999999893
1.74686488531237e-15 2.9999999999999893
1.7119275875934217e-15 2.9999999999999893
1.677689035865579e-15 2.9999999999999893
1.6441352551605474e-15 2.9999999999999893
1.6112525500722632e-15 2.9999999999999893
1.5790274990741642e-15 2.9999999999999893
1.547446949092884e-15 2.9999999999999893
1.516498010090219e-15 2.9999999999999893
1.4861680498767062e-15 2.9999999999999893
1.45644468887557e-15 2.9999999999999893
1.4273157951017359e-15 2.9999999999999893
1.3987694792152898e-15 2.9999999999999893
1.370794089608026e-15 2.9999999999999893
1.3433782078208663e-15 2.9999999999999893
1.3165106436717658e-15 2.9999999999999893
1.2901804308137535e-15 2.9999999999999893
1.264376822193711e-15 2.9999999999999893
1.2390892857427606e-15 2.9999999999999893
1.2143075000170243e-15 2.9999999999999893
1.1900213500286328e-15 2.9999999999999893
1.1662209230188333e-15 2.9999999999999893
1.1428965045536966e-15 2.9999999999999893
1.120038574479204e-15 2.9999999999999893
1.097637802992139e-15 2.9999999999999893
1.0756850469508627e-15 2.9999999999999893
1.0541713460041076e-15 2.9999999999999893
1.0330879190671885e-15 2.9999999999999893
1.0124261606658645e-15 2.9999999999999893
9.921776374373648e-16 2.9999999999999893
9.72334084681045e-16 2.9999999999999893
9.528874029917631e-16 2.9999999999999893
9.33829654951156e-16 2.9999999999999893
9.15153061860277e-16 2.9999999999999893
8.968500006293956e-16 2.9999999999999893
8.789130006098969e-16 2.9999999999999893
8.613347405833437e-16 2.9999999999999893
8.441080457588104e-16 2.9999999999999893
8.272258848363926e-16 2.9999999999999893
8.106813671368899e-16 2.9999999999999893
7.944677398059357e-16 2.9999999999999893
7.785783850015828e-16 2.9999999999999893
7.630068173135001e-16 2.9999999999999893
7.477466809836458e-16 2.9999999999999893
7.327917473750947e-16 2.9999999999999893
7.181359124243217e-16 2.9999999999999893
7.037731941762038e-16 2.9999999999999893
6.89697730302478e-16 2.9999999999999893
6.759037757029181e-16 2.9999999999999893
6.623857001809564e-16 2.9999999999999893
6.491379861689376e-16 2.9999999999999893
6.361552264368283e-16 2.9999999999999893
6.234321219001884e-16 2.9999999999999893
6.109634794777732e-16 2.9999999999999893
5.987442098829614e-16 2.9999999999999893
5.867693256881522e-16 2.9999999999999893
5.750339391740958e-16 2.9999999999999893
5.635332603860193e-16 2.9999999999999893
5.522625951980235e-16 2.9999999999999893
5.412173432864905e-16 2.9999999999999893
5.303929964260923e-16 2.9999999999999893
5.197851364880127e-16 2.9999999999999893
5.093894337690435e-16 2.9999999999999893
4.992016450973398e-16 2.9999999999999893
4.892176122111471e-16 2.9999999999999893
4.794332599638185e-16 2.9999999999999893
4.69844594752172e-16 2.9999999999999893
4.604477028786728e-16 2.9999999999999893
4.512387488391695e-16 2.9999999999999893
4.4221397385051233e-16 2.9999999999999893
4.333696943699001e-16 2.9999999999999893
4.2470230049842156e-16 2.9999999999999893
4.1620825449213034e-16 2.9999999999999893
4.078840893971968e-16 2.9999999999999893
3.9972640760234217e-16 2.9999999999999893
3.917318794491749e-16 2.9999999999999893
3.838972418507991e-16 2.9999999999999893
3.7621929700968484e-16 2.9999999999999893
3.686949110859069e-16 2.9999999999999893
3.6132101287365623e-16 2.9999999999999893
3.540945926183714e-16 2.9999999999999893
3.470127007511523e-16 2.9999999999999893
3.400724467555229e-16 2.9999999999999893
3.332709978356702e-16 2.9999999999999893
3.266055778741967e-16 2.9999999999999893
3.200734663154269e-16 2.9999999999999893
3.136719969990821e-16 2.9999999999999893
3.073985570601307e-16 2.9999999999999893
3.0125058592789922e-16 2.9999999999999893
2.9522557420110703e-16 2.9999999999999893
2.8932106270488023e-16 2.9999999999999893
2.8353464144023233e-16 2.9999999999999893
2.778639486162629e-16 2.9999999999999893
2.7230666964926923e-16 2.9999999999999893
2.6686053624457546e-16 2.9999999999999893
2.615233255362652e-16 2.9999999999999893
2.562928590449335e-16 2.9999999999999893
2.511670018670503e-16 2.9999999999999893
2.4614366184777944e-16 2.9999999999999893
2.4122078861317756e-16 2.9999999999999893
2.363963728340033e-16 2.9999999999999893
2.3166844537372124e-16 2.9999999999999893
2.2703507646959313e-16 2.9999999999999893
2.224943749551281e-16 2.9999999999999893
2.180444874494457e-16 2.9999999999999893
2.136835976955313e-16 2.9999999999999893
2.094099257330556e-16 2.9999999999999893
2.0522172720354284e-16 2.9999999999999893
2.0111729267208273e-16 2.9999999999999893
1.9709494681669345e-16 2.9999999999999893
1.9315304786583882e-16 2.9999999999999893
1.8928998690359657e-16 2.9999999999999893
1.8550418716655485e-16 2.9999999999999893
1.817941034234268e-16 2.9999999999999893
1.7815822135466497e-16 2.9999999999999893
1.7459505693207605e-16 2.9999999999999893
1.7110315579016342e-16 2.9999999999999893
1.676810926636444e-16 2.9999999999999893
1.6432747079188028e-16 2.9999999999999893
1.6104092135639338e-16 2.9999999999999893
1.5782010291838434e-16 2.9999999999999893
1.5466370085624923e-16 2.9999999999999893
1.515704268527276e-16 2.9999999999999893
1.4853901831587609e-16 2.9999999999999893
1.4556823794893442e-16 2.9999999999999893
1.4265687320438628e-16 2.9999999999999893
1.3980373575456367e-16 2.9999999999999893
1.37007661061513e-16 2.9999999999999893
1.3426750784759954e-16 2.9999999999999893
1.3158215771500425e-16 2.9999999999999893
1.2895051456669748e-16 2.9999999999999893
1.2637150427556657e-16 2.9999999999999893
1.238440741881076e-16 2.9999999999999893
1.2136719271083506e-16 2.9999999999999893
1.189398488801479e-16 2.9999999999999893
1.1656105189910838e-16 2.9999999999999893
1.1422983087274435e-16 2.9999999999999893
1.1194523426210993e-16 2.9999999999999893
1.0970632958650063e-16 2.9999999999999893
1.0751220298504749e-16 2.9999999999999893
1.0536195891066033e-16 2.9999999999999893
1.0325471974125284e-16 2.9999999999999893
1.0118962535788047e-16 2.9999999999999893
9.916583284695544e-17 2.9999999999999893
9.718251618591803e-17 2.9999999999999893
9.523886586273358e-17 2.9999999999999893
9.33340885450202e-17 2.9999999999999893
9.146740678226376e-17 2.9999999999999893
8.963805865840205e-17 2.9999999999999893
8.784529747749611e-17 2.9999999999999893
8.60883915321197e-17 2.9999999999999893
8.436662368976895e-17 2.9999999999999893
8.267929122742626e-17 2.9999999999999893
8.102570541797003e-17 2.9999999999999893
7.940519129856401e-17 2.9999999999999893
7.781708748867763e-17 2.9999999999999893
7.626074572686485e-17 2.9999999999999893
7.473553082113327e-17 2.9999999999999893
7.324082021881028e-17 2.9999999999999893
7.177600380801967e-17 2.9999999999999893
7.034048373570191e-17 2.9999999999999893
6.893367406019829e-17 2.9999999999999893
6.755500056927119e-17 2.9999999999999893
6.620390056503711e-17 2.9999999999999893
6.487982256618168e-17 2.9999999999999893
6.358222612597987e-17 2.9999999999999893
6.231058160068546e-17 2.9999999999999893
6.106436996755129e-17 2.9999999999999893
5.984308257667511e-17 2.9999999999999893
5.864622091938895e-17 2.9999999999999893
5.747329649591025e-17 2.9999999999999893
5.63238305671877e-17 2.9999999999999893
5.5197353956377856e-17 2.9999999999999893
5.4093406866865424e-17 2.9999999999999893
5.301153873337075e-17 2.9999999999999893
5.195130797379562e-17 2.9999999999999893
5.091228182378717e-17 2.9999999999999893
4.989403618784534e-17 2.9999999999999893
4.8896155473886765e-17 2.9999999999999893
4.791823237817783e-17 2.9999999999999893
4.6959867736442144e-17 2.9999999999999893
4.602067039151163e-17 2.9999999999999893
4.510025699480322e-17 2.9999999999999893
4.41982518574263e-17 2.9999999999999893
4.331428681783384e-17 2.9999999999999893
4.244800107638624e-17 2.9999999999999893
4.159904106300249e-17 2.9999999999999893
4.0767060238636754e-17 2.9999999999999893
3.9951719029103974e-17 2.9999999999999893
3.9152684659643715e-17 2.9999999999999893
3.8369630956396837e-17 2.9999999999999893
3.7602238346405487e-17 2.9999999999999893
3.6850193592915304e-17 2.9999999999999893
3.6113189712657355e-17 2.9999999999999893
3.5390925909673696e-17 2.9999999999999893
3.468310739333762e-17 2.9999999999999893
3.398944524600478e-17 2.9999999999999893
3.3309656356838717e-17 2.9999999999999893
3.2643463223287537e-17 2.9999999999999893
3.19905939676275e-17 2.9999999999999893
3.135078207226525e-17 2.9999999999999893
3.0723766445912234e-17 2.9999999999999893
3.010929110925609e-17 2.9999999999999893
2.9507105277678713e-17 2.9999999999999893
2.891696317927649e-17 2.9999999999999893
2.833862390596783e-17 2.9999999999999893
2.7771851413493135e-17 2.9999999999999893
2.7216414389065905e-17 2.9999999999999893
2.667208608593663e-17 2.9999999999999893
2.6138644373023612e-17 2.9999999999999893
2.5615871470215182e-17 2.9999999999999893
2.510355404763136e-17 2.9999999999999893
2.460148296092607e-17 2.9999999999999893
2.410945330091797e-17 2.9999999999999893
2.3627264244697944e-17 2.9999999999999893
2.315471897291104e-17 2.9999999999999893
2.2691624603582027e-17 2.9999999999999893
2.2237792109397318e-17 2.9999999999999893
2.1793036268074154e-17 2.9999999999999893
2.1357175546555302e-17 2.9999999999999893
2.093003205137823e-17 2.9999999999999893
2.0511431412869807e-17 2.9999999999999893
2.010120276860271e-17 2.9999999999999893
1.969917869722095e-17 2.9999999999999893
1.9305195135721844e-17 2.9999999999999893
1.891909124710708e-17 2.9999999999999893
1.8540709436926355e-17 2.9999999999999893
1.8169895237472082e-17 2.9999999999999893
1.7806497324323e-17 2.9999999999999893
1.7450367367451665e-17 2.9999999999999893
1.7101360014680842e-17 2.9999999999999893
1.6759332808965435e-17 2.9999999999999893
1.6424146138761657e-17 2.9999999999999893
1.6095663204939806e-17 2.9999999999999893
1.5773749938066196e-17 2.9999999999999893
1.5458274948772333e-17 2.9999999999999893
1.514910944503684e-17 2.9999999999999893
1.4846127265272692e-17 2.9999999999999893
1.4549204712891086e-17 2.9999999999999893
1.4258220622475897e-17 2.9999999999999893
1.397305619434755e-17 2.9999999999999893
1.3693595077281081e-17 2.9999999999999893
1.3419723186526408e-17 2.9999999999999893
1.3151328736895552e-17 2.9999999999999893
1.2888302176588185e-17 2.9999999999999893
1.2630536137560799e-17 2.9999999999999893
1.2377925418983088e-17 2.9999999999999893
1.2130366921063505e-17 2.9999999999999893
1.1887759595418418e-17 2.9999999999999893
1.1650004395441281e-17 2.9999999999999893
1.1417004292846242e-17 2.9999999999999893
1.1188664194950082e-17 2.9999999999999893
1.096489091158499e-17 2.9999999999999893
1.0745593088924116e-17 2.9999999999999893
1.0530681242568794e-17 2.9999999999999893
1.0320067625199645e-17 2.9999999999999893
1.0113666276207412e-17 2.9999999999999893
9.911392955518514e-18 2.9999999999999893
9.713165093964204e-18 2.9999999999999893
9.518901793280574e-18 2.9999999999999893
9.328523743390495e-18 2.9999999999999893
9.141953272034446e-18 2.9999999999999893
8.95911419587801e-18 2.9999999999999893
8.779931919773549e-18 2.9999999999999893
8.604333271324076e-18 2.9999999999999893
8.432246616688544e-18 2.9999999999999893
8.263601695145723e-18 2.9999999999999893
8.098329668725037e-18 2.9999999999999893
7.936363072575724e-18 2.9999999999999893
7.77763579842323e-18 2.9999999999999893
7.622083094569204e-18 2.9999999999999893
7.469641433542602e-18 2.9999999999999893
7.320248594817749e-18 2.9999999999999893
7.17384363172711e-18 2.9999999999999893
7.030366772199622e-18 2.9999999999999893
6.889759435304307e-18 2.9999999999999893
6.751964247793875e-18 2.9999999999999893
6.616924961386674e-18 2.9999999999999893
6.484586452766683e-18 2.9999999999999893
6.354894723583515e-18 2.9999999999999893
6.227796834277966e-18 2.9999999999999893
6.103240904082017e-18 2.9999999999999893
5.981176094475221e-18 2.9999999999999893
5.861552559553864e-18 2.9999999999999893
5.744321495661807e-18 2.9999999999999893
5.62943505867242e-18 2.9999999999999893
5.516846363988582e-18 2.9999999999999893
5.406509420368236e-18 2.9999999999999893
5.298379245729671e-18 2.9999999999999893
5.192411652084565e-18 2.9999999999999893
5.0885634275177176e-18 2.9999999999999893
4.9867921542073174e-18 2.9999999999999893
4.887056324230227e-18 2.9999999999999893
4.789315207213083e-18 2.9999999999999893
4.693528899963137e-18 2.9999999999999893
4.599658326468251e-18 2.9999999999999893
4.5076651717224524e-18 2.9999999999999893
4.417511881725931e-18 2.9999999999999893
4.3291616469414285e-18 2.9999999999999893
4.242578402294237e-18 2.9999999999999893
4.157726827172201e-18 2.9999999999999893
4.0745722792512666e-18 2.9999999999999893
3.993080827582706e-18 2.9999999999999893
3.913219202962284e-18 2.9999999999999893
3.834954814473865e-18 2.9999999999999893
3.758255716402192e-18 2.9999999999999893
3.6830906082328865e-18 2.9999999999999893
3.6094287850216105e-18 2.9999999999999893
3.537240203568516e-18 2.9999999999999893
3.4664953997001834e-18 2.9999999999999893
3.3971654882696227e-18 2.9999999999999893
3.329222179699885e-18 2.9999999999999893
3.2626377303532246e-18 2.9999999999999893
3.1973849756183255e-18 2.9999999999999893
3.1334372802794638e-18 2.9999999999999893
3.070768538516507e-18 2.9999999999999893
3.009353157361303e-18 2.9999999999999893
2.9491661063285154e-18 2.9999999999999893
2.8901827685231152e-18 2.9999999999999893
