1 2
-0.5279999943077565 3.528
0.05569600351780646 2.944304
0.4163040021744371 2.5836959999999998
0.055579875518239175 2.944420128
0.19337649190090678 2.806623511104
0.055607290551864974 2.944392712966272
-0.029479251268890838 3.029479255104
0.0030576960596274683 2.996942307654272
0.02314858364644301 2.976851419992612
0.003034278165940374 2.9969657255480464
0.010717942859492346 2.989282060825871
0.0030358068531567417 2.9969641968608243
-0.0016982256691595587 3.0016982294007764
0.00011853643123704849 2.9998814672936116
0.001236350285260479 2.9987636534354243
0.00011075859670173216 2.999889245128176
0.0005407346217312092 2.9994592691015445
0.00011084414167017442 2.999889159583207
0.00027506230505347506 2.9997249414192124
0.00011087681334664978 2.9998891269115306
1.4143823328094385e-05 2.9999858599019094
5.4021799549164307e-05 2.99994598192554
1.4151757166125378e-05 2.9999858519680713
2.9382113356457573e-05 2.9999706216118245
1.4154787289388793e-05 2.999985848937948
1.8323192276792355e-06 2.9999981714060557
-1.069509257378698e-06 3.000001073234552
1.1525230715347945e-06 2.999998851202214
1.837711453234192e-06 2.99999816601383
3.9567623844050104e-08 2.9999999641576665
-3.838787958621026e-07 3.0000003876040875
2.0302671732697064e-07 2.999999800698572
3.030121468183822e-07 2.9999997007131425
-2.2198560478692286e-07 3.000000225710896
-2.143646371521868e-08 3.000000025161754
2.6481771275843613e-07 2.9999997389075768
2.4121355257644694e-07 2.9999997625117367
2.5023034178062176e-07 2.9999997534949476
2.4121534647481013e-07 2.999999762509943
2.446590746663091e-07 2.9999997590662146
2.4121603159343863e-07 2.999999762509258
2.425312740639285e-07 2.9999997611940152
2.4121629327300553e-07 2.9999997625089962
2.4171861590094323e-07 2.9999997620066736
2.4121639319307775e-07 2.9999997625088963
2.4140824228524593e-07 2.999999762317047
2.412164313847498e-07 2.999999762508858
2.412897031067729e-07 2.9999997624355865
2.412164459286714e-07 2.9999997625088435
2.412444300992078e-07 2.999999762480859
2.4121645136876424e-07 2.999999762508838
2.412271392637777e-07 2.9999997624981503
2.412164535892103e-07 2.999999762508836
2.412205354351826e-07 2.999999762504754
2.412164543663664e-07 2.999999762508835
2.412180132305153e-07 2.9999997625072763
2.41216454588411e-07 2.9999997625088346
2.412170500010191e-07 2.9999997625082395
2.412164546994333e-07 2.9999997625088346
2.4121668207310876e-07 2.9999997625086072
2.412164546994333e-07 2.9999997625088346
2.4121654151887384e-07 2.999999762508748
2.412164546994333e-07 2.9999997625088346
2.4121648789510175e-07 2.9999997625088017
2.412164546994333e-07 2.9999997625088346
2.412164673559758e-07 2.999999762508822
2.412164546994333e-07 2.9999997625088346
2.412164595844146e-07 2.9999997625088297
2.412164546994333e-07 2.9999997625088346
2.4121645658681246e-07 2.999999762508833
2.412164548104556e-07 2.9999997625088346
2.4121645547658943e-07 2.9999997625088337
2.412164548104556e-07 2.9999997625088346
2.412164550325002e-07 2.9999997625088346
2.412164546994333e-07 2.9999997625088346
2.412164548104556e-07 2.9999997625088346
-1.2736228813992056e-07 3.000000125395335
1.343479166712312e-08 2.999999986772692
1.004193750034119e-07 2.9999999011314777
1.3406779682658926e-08 2.9999999868002716
4.664559109518655e-08 2.9999999540747924
1.3413392639903277e-08 2.9999999867937603
-7.110881406639906e-09 3.0000000070010624
7.375657075375794e-10 2.999999999273825
5.583818403278296e-09 2.9999999945024167
7.319169262221593e-10 2.9999999992793867
2.585343290457623e-09 2.999999997454584
7.322856707344323e-10 2.9999999992790234
-4.0964087551014804e-10 3.0000000004033143
2.859203921408721e-11 2.9999999999718496
2.982271352240951e-10 2.9999999997063784
2.671589753435122e-11 2.9999999999736966
1.3043319033187425e-10 2.999999999871581
2.6736532388476474e-11 2.999999999973676
6.634865572284066e-11 2.999999999934676
2.6744413334477807e-11 2.9999999999736686
3.410824332022648e-12 2.999999999996642
1.3030048416976817e-11 2.999999999987171
3.4127381043405705e-12 2.99999999999664
7.0865506437598875e-12 2.999999999993023
3.413469019923366e-12 2.999999999996639
4.410869484729692e-13 2.9999999999995657
-2.588818337553296e-13 3.000000000000255
2.771089291241953e-13 2.999999999999727
4.42387642049438e-13 2.9999999999995643
8.645760636770769e-15 2.9999999999999916
-9.34964839348297e-14 3.000000000000092
4.8074783865999834e-14 2.9999999999999525
7.21929147677738e-14 2.999999999999929
-5.444518213117624e-14 3.0000000000000537
-6.069429088989911e-15 3.0000000000000058
6.29797887518612e-14 2.999999999999938
5.728607690261457e-14 2.9999999999999436
5.94610748167448e-14 2.9999999999999414
5.72865096305715e-14 2.9999999999999436
5.811719351845481e-14 2.9999999999999427
5.728667485493578e-14 2.9999999999999436
5.760393300409356e-14 2.999999999999943
5.72867380118299e-14 2.9999999999999436
5.74079064984511e-14 2.9999999999999436
5.728676209932934e-14 2.9999999999999436
5.733303926794655e-14 2.9999999999999436
5.728677131081264e-14 2.9999999999999436
5.730444565910873e-14 2.9999999999999436
5.728677480482355e-14 2.9999999999999436
5.729352507507802e-14 2.9999999999999436
5.728677612831253e-14 2.9999999999999436
5.728935423190618e-14 2.9999999999999436
5.728677665770812e-14 2.9999999999999436
5.728776128056975e-14 2.9999999999999436
5.728677686946636e-14 2.9999999999999436
5.728715289915538e-14 2.9999999999999436
5.728677692240592e-14 2.9999999999999436
5.728692054743004e-14 2.9999999999999436
5.728677692240592e-14 2.9999999999999436
5.728683176778925e-14 2.9999999999999436
5.728677692240592e-14 2.9999999999999436
5.728679788647136e-14 2.9999999999999436
5.728677692240592e-14 2.9999999999999436
5.728678496921892e-14 2.9999999999999436
5.728677692240592e-14 2.9999999999999436
5.728677999290035e-14 2.9999999999999436
5.728677692240592e-14 2.9999999999999436
5.728677814001578e-14 2.9999999999999436
5.728677692240592e-14 2.9999999999999436
5.728677739886195e-14 2.9999999999999436
5.728677697534548e-14 2.9999999999999436
5.728677713416416e-14 2.9999999999999436
5.728677697534548e-14 2.9999999999999436
5.728677702828504e-14 2.9999999999999436
5.728677692240592e-14 2.9999999999999436
5.728677697534548e-14 2.9999999999999436
-3.024741824235045e-14 3.0000000000000298
3.190644330809396e-15 2.999999999999997
2.3848714402185636e-14 2.9999999999999765
3.1839917319728508e-15 2.999999999999997
1.1077915791994133e-14 2.999999999999989
3.1855622508957855e-15 2.999999999999997
-1.688771512116374e-15 3.0000000000000018
1.7516533988126233e-16 3.0
1.3261075405831854e-15 2.9999999999999987
1.7382380422338482e-16 3.0
6.139961915128317e-16 2.9999999999999996
1.739113777873527e-16 3.0
-9.728608852095085e-17 3.0
6.7903571286932226e-18 3.0
7.082631032217502e-17 3.0
6.344790054653808e-18 3.0
3.0976730796856957e-17 3.0
6.349690650208199e-18 3.0
1.5757219986216816e-17 3.0
6.351562305252241e-18 3.0
8.100410592943551e-19 3.0
3.094521797799598e-18 3.0
8.104955633098119e-19 3.0
1.6829935848883686e-18 3.0
8.106691493121066e-19 3.0
1.0475466704791676e-19 3.0
-6.148173480765762e-20 3.0
6.581133612762059e-20 3.0
1.0506357027403403e-19 3.0
2.053705359766551e-21 3.0
-2.2204175335800223e-20 3.0
1.1417750030958163e-20 3.0
1.714559305544199e-20 3.0
-1.2929836165461548e-20 3.0
-1.4410221993908387e-21 3.0
1.4957557027611745e-20 3.0
1.360535075903002e-20 3.0
1.4121893547620274e-20 3.0
1.3605453525517864e-20 3.0
1.3802733615122188e-20 3.0
1.3605492766614733e-20 3.0
1.368083877756034e-20 3.0
1.360550776128282e-20 3.0
1.3634284208036706e-20 3.0
1.3605513491568435e-20 3.0
1.3616503901699974e-20 3.0
1.360551567513542e-20 3.0
1.3609713172457666e-20 3.0
1.3605516508172537e-20 3.0
1.360711962499324e-20 3.0
1.36055168237169e-20 3.0
1.360612909337532e-20 3.0
1.3605516949934644e-20 3.0
1.3605750780928726e-20 3.0
1.3605516987799967e-20 3.0
1.3605606286854438e-20 3.0
1.3605517000421742e-20 3.0
1.360555111707817e-20 3.0
1.3605517013043516e-20 3.0
1.3605530038714783e-20 3.0
1.3605517013043516e-20 3.0
1.3605521986022663e-20 3.0
1.3605517013043516e-20 3.0
1.360551890630969e-20 3.0
1.3605517013043516e-20 3.0
1.3605517732484662e-20 3.0
1.3605517013043516e-20 3.0
1.3605517290722555e-20 3.0
1.3605517013043516e-20 3.0
1.3605517114017712e-20 3.0
1.3605517013043516e-20 3.0
1.360551705090884e-20 3.0
1.3605517013043516e-20 3.0
1.360551702566529e-20 3.0
1.3605517013043516e-20 3.0
1.3605517013043516e-20 3.0
