1 2
-0.9999999925494194 4.0
3.725290298461914e-09 3.0
3.725290298461914e-09 3.0
3.725290298461914e-09 3.0
3.725290298461914e-09 3.0
3.725290298461914e-09 3.0
3.725290298461914e-09 3.0
3.725290298461914e-09 3.0
3.725290298461914e-09 3.0
3.725290298461914e-09 3.0
3.725290298461914e-09 3.0
3.725290298461914e-09 3.0
3.725290298461914e-09 3.0
3.725290298461914e-09 3.0
3.725290298461914e-09 3.0
3.725290298461914e-09 3.0
3.725290298461914e-09 3.0
3.725290298461914e-09 3.0
3.725290298461914e-09 3.0
3.725290298461914e-09 3.0
3.725290298461914e-09 3.0
3.725290298461914e-09 3.0
3.725290298461914e-09 3.0
3.725290298461914e-09 3.0
3.725290298461914e-09 3.0
3.725290298461914e-09 3.0
3.725290298461914e-09 3.0
3.725290298461914e-09 3.0
3.725290298461914e-09 3.0
3.725290298461914e-09 3.0
1.862645149230957e-09 3.000000001862645
1.862645149230957e-09 3.000000001862645
1.862645149230957e-09 3.000000001862645
1.862645149230957e-09 3.000000001862645
1.862645149230957e-09 3.000000001862645
1.862645149230957e-09 3.000000001862645
1.862645149230957e-09 3.000000001862645
1.862645149230957e-09 3.000000001862645
1.862645149230957e-09 3.000000001862645
1.862645149230957e-09 3.000000001862645
1.862645149230957e-09 3.000000001862645
1.862645149230957e-09 3.000000001862645
1.862645149230957e-09 3.000000001862645
1.862645149230957e-09 3.000000001862645
1.862645149230957e-09 3.000000001862645
1.862645149230957e-09 3.000000001862645
1.862645149230957e-09 3.000000001862645
1.862645149230957e-09 3.000000001862645
1.862645149230957e-09 3.000000001862645
1.862645149230957e-09 3.000000001862645
1.862645149230957e-09 3.000000001862645
1.862645149230957e-09 3.000000001862645
1.862645149230957e-09 3.000000001862645
1.8626449271863521e-09 3.000000001862645
-1.8626449271863521e-09 2.999999998137355
0.0 3.0
0.0 3.0
0.0 3.0
0.0 3.0
0.0 3.0
0.0 3.0
0.0 3.0
0.0 3.0
0.0 3.0
0.0 3.0
0.0 3.0
0.0 3.0
0.0 3.0
0.0 3.0
0.0 3.0
0.0 3.0
0.0 3.0
0.0 3.0
0.0 3.0
0.0 3.0
0.0 3.0
0.0 3.0
0.0 3.0
0.0 3.0
0.0 3.0
0.0 3.0
0.0 3.0
0.0 3.0
0.0 3.0
0.0 3.0
0.0 3.0
0.0 3.0
0.0 3.0
0.0 3.0
0.0 3.0
0.0 3.0
0.0 3.0
0.0 3.0
0.0 3.0
0.0 3.0
0.0 3.0
0.0 3.0
0.0 3.0
0.0 3.0
0.0 3.0
0.0 3.0
0.0 3.0
0.0 3.0
0.0 3.0
0.0 3.0
0.0 3.0
0.0 3.0
0.0 3.0
