1 2
1.02 1.9399999997019768
1.0395999998672336 1.8811999998020756
1.058807999708053 1.8235759997499965
1.0776318397163571 1.767104479576846
1.0960792032431017 1.71176239023106
1.1141576192428497 1.6575271426652756
1.131874466902825 1.604376599714429
1.1492369777929496 1.5522890680827748
1.1662522381968743 1.5012432867805783
1.1829271936959336 1.45121842084411
1.199268649782996 1.4021940523568788
1.2152832766436583 1.3541501711961856
1.2309776108862307 1.307067167559439
1.2463580586604808 1.2609258241203387
1.2614308974493185 1.2157073071147206
1.2762022795189556 1.1713931610829489
1.2906782338891707 1.1279652981690294
1.3048646692866481 1.0854059919177377
1.318767375752343 1.0436978719845675
1.3323920281984207 1.0028239149131217
1.345744187551191 0.9627674364142264
1.358829303887533 0.9235120876722182
1.37165271772359 0.8850418459467734
1.3842196634070238 0.8473410089902724
1.396535270193551 0.8103941888205851
1.4086045648053365 0.7741863050155485
1.4204324734959957 0.7387025789015139
1.4320238240926733 0.7039285272948588
1.4433833475157456 0.6698499566905345
1.4545156805785586 0.6364529577486362
1.4654253669416177 0.6037238985888805
1.4761168596924017 0.5716494206182804
1.4865945225542574 0.5402164322726574
1.4968626321148306 0.509412103503212
1.5069253795448085 0.47922386145518686
1.5167868719448778 0.4496393842093792
1.5264511345299074 0.420646596460804
1.5359221118679263 0.3922336646013107
1.5452036696833356 0.36438899135516545
1.5542995962468793 0.3371012116067257
1.563213604339515 0.31035918740855123
1.5719493322522606 0.28415200366006754
1.5805103456241927 0.2584689635627117
1.5889001387282613 0.2332995842240896
1.5971221359386627 0.20863359256015682
1.605179693195061 0.18446092067585848
1.6130760993794342 0.16077170228885077
1.620814577431947 0.1375562682591524
1.6283982858657913 0.11480514293836021
1.6358303201716156 0.09250904007182979
1.643113713758087 0.07065885929690266
1.6502514394927843 0.04924568211959267
1.6572464106572544 0.028260768487318993
1.6641014824191647 0.007695553138121605
1.6708194527375528 -0.01245835797561741
1.6774030636596309 -0.032209190816417696
1.683855002381497 -0.05156500698699093
1.6901779023057033 -0.07053370678497886
1.6963743442548647 -0.08912303266747332
1.7024468573588496 -0.10734057200773096
1.7083979202410864 -0.12519376052244044
1.7142299618684034 -0.14268988532646038
1.7199453626200325 -0.1598360876150284
1.725546455357813 -0.17663936586751083
1.7310355262208 -0.19310657856686453
1.7364148156921415 -0.2092444469563518
1.741686519399243 -0.22505955801977257
1.7468527890413426 -0.2405583668656502
1.7519157332529667 -0.2557471995211993
1.7568774185990168 -0.2706322555400286
1.7617398702352969 -0.2852196104608331
1.7665050728148062 -0.2995152182660852
1.7711749713634746 -0.3135249138779793
1.7757514719182261 -0.32725441561712365
1.7802364424796144 -0.3407093272887025
1.784631713616514 -0.3538951407343004
1.7889390793470743 -0.36681723791806436
1.7931602977414505 -0.3794808931618784
1.7972970918036173 -0.3918912753060315
1.8013511499663664 -0.40405344979538066
1.8053241269521156 -0.41597238080276594
1.8092176444074333 -0.42765293316616165
1.8130332915224823 -0.43909987447483884
1.816772625709155 -0.4503178769878899
1.8204371731950788 -0.4613115194596206
1.8240284297408724 -0.47208528905807484
1.8275478611434068 -0.482643583283559
1.8309969039269232 -0.49299071160776964
1.8343769658342317 -0.5031308973736917
1.8376894265077894 -0.5130682794160997
1.8409356379844055 -0.5228069138310706
1.8441169252095024 -0.5323507755592322
1.8472345867081386 -0.5417037600435173
1.850289894983469 -0.5508696848496651
1.8532840970848308 -0.5598522911563373
1.8562184151333931 -0.5686552453383661
1.859094046826906 -0.5772821404382444
1.8619121659046718 -0.585736497628302
1.8646739225790518 -0.5940217676821954
1.8673804441344692 -0.6021413323253251
1.8700328352491293 -0.6100985056783862
1.8726321785410884 -0.6178965355612196
1.8751795349691371 -0.6255386048432298
1.8776759442644786 -0.6330278327472366
1.8801224253886248 -0.6403672760881342
1.8825199768792331 -0.6475599305488027
1.8848695773378399 -0.6546087319373942
1.8871721857870705 -0.6615165572956062
1.8894287420816602 -0.668286226146654
1.891640167230429 -0.6749205016268275
1.8938073638914226 -0.6814220915937654
1.8959312166163982 -0.6877936497626684
1.8980125922818971 -0.6940377767680072
1.9000523404384695 -0.7001570212298863
1.902051293628168 -0.7061538808017828
1.9040102677615602 -0.7120308031856872
1.9059300624050537 -0.7177901871239625
1.9078114611530474 -0.723434383381889
1.9096552319309241 -0.7289656957208969
1.91146212728826 -0.7343863818066053
1.9132328847435671 -0.7396986541634284
1.914968227041839 -0.7449046810779579
1.916668862496007 -0.7500065874557801
1.9183354852444503 -0.755006455706232
1.9199687755370456 -0.7599063265899054
1.9215694000207626 -0.7647082000568367
1.9231380120262949 -0.7694140360567576
1.924675251782139 -0.7740257553353763
1.9261817467491316 -0.7785452402283295
1.9276581118151261 -0.7829743354225389
1.9291049495778942 -0.7873148487129107
1.9305228505904704 -0.7915685517380804
1.931912393574186 -0.7957371807021879
1.9332741457022016 -0.7998224370873392
1.9346086627907968 -0.8038259883451134
1.9359164895386733 -0.8077494685764284
1.937198159743259 -0.8115944792044208
1.9384541965495843 -0.8153625896217161
1.9396851126176469 -0.8190553378283838
1.9408914103612414 -0.8226742310722219
1.9420735821573174 -0.8262207464494603
1.9432321105141648 -0.8296963315217616
1.9443674683005803 -0.833102404891313
1.9454801189347164 -0.8364403567933804
1.946570516558639 -0.8397115496585937
1.9476391062268896 -0.8429173186647566
1.9486863241031334 -0.8460589722921467
1.9497125976249607 -0.8491377928462206
1.9507183456752841 -0.8521550369896321
1.9517039787604131 -0.8551119362498029
1.95266989918594 -0.8580096975241649
1.9536165012049063 -0.8608495035737614
1.9545441711801572 -0.8636325135028783
1.9554532877567528 -0.866359863232854
1.9563442220034135 -0.8690326659677412
1.9572173375606774 -0.8716520126483265
1.958072990808909 -0.8742189723956726
1.9589115309925622 -0.876734592947676
1.9597333003757857 -0.8791999010886393
1.9605386343711317 -0.8816159030672025
1.9613278616863477 -0.8839835850055424
1.9621013044542426 -0.8863039133050806
1.9628592783676961 -0.8885778350393848
1.9636020927982054 -0.8908062783395034
1.964330050943428 -0.892990152772898
1.9650434499233966 -0.8951303497171357
1.965742580926898 -0.8972277427231056
1.966427729311112 -0.8992831878689211
1.967099174724534 -0.9012975241114944
1.9677571912300904 -0.9032715736293793
1.9684020474066037 -0.9052061421568831
1.9690340064567937 -0.9071020193141046
1.96965332632598 -0.90895997892824
1.9702602597984031 -0.9107807793496502
1.970855054603162 -0.9125651637626905
1.9714379535120585 -0.9143138604872254
1.9720091944438747 -0.9160275832778169
1.972569010555913 -0.9177070316124335
1.973117630342928 -0.9193528909802879
1.9736552777372682 -0.9209658331606514
1.974182172184158 -0.9225465164973028
1.9746985287408438 -0.9240955861674482
1.975204558165986 -0.9256136744442373
1.9757004670024323 -0.9271014009554963
1.9761864576626944 -0.9285593729363498
1.9766627285086051 -0.9299881854774756
1.9771294739375562 -0.9313884217678313
1.9775868844588431 -0.9327606533324323
1.9780351467688386 -0.9341054402657645
1.97847444383458 -0.9354233314605407
1.9789049549566522 -0.9367148648312176
1.9793268558559802 -0.9379805675346032
1.9797403187395188 -0.9392209561837698
1.980145512365323 -0.9404365370602208
1.980542602118336 -0.9416278063187818
1.9809317500755859 -0.9427952501924919
1.9813131150728711 -0.9439393451886171
1.9816868527703038 -0.9450605582848111
1.9820531157135677 -0.9461593471191626
1.9824120533993557 -0.9472361601767515
1.982763812331634 -0.9482914369731479
1.9831085360849046 -0.9493256082336919
1.9834463653630945 -0.9503390960689903
1.9837774380548243 -0.9513323141476466
1.984101889293067 -0.9523056678647736
1.9844198515075406 -0.9532595545074473
1.9847314544775538 -0.9541943634173985
1.9850368253873687 -0.955110476149046
1.9853360888788059 -0.9560082666260751
1.9856293671022067 -0.9568881012935053
1.9859167797598272 -0.9577503392675754
1.986198444164466 -0.9585953324821349
1.9864744752806098 -0.9594234258324905
1.9867449857741974 -0.9602349573158317
1.9870100860586253 -0.9610302581696196
1.9872698843381764 -0.961809653006192
1.987524486650639 -0.9625734599460593
1.9877739969167383 -0.9633219907471248
1.9880185169787372 -0.9640555509321602
1.9882581466386542 -0.9647744399135153
1.9884929837066412 -0.9654789511152811
1.9887231240321535 -0.9661693720929797
1.9889486615520975 -0.9668459846511431
1.989169688320688 -0.9675090649581288
1.989386294554133 -0.968158883658969
1.989598568662603 -0.9687957059858199
1.9898065972897203 -0.9694197918660828
1.9900104653434052 -0.9700313960287784
1.990210256036993 -0.9706307681081561
1.9904060509156667 -0.9712181527459942
1.9905979298973921 -0.9717937896910624
1.9907859712997815 -0.9723579138972017
1.9909702518737702 -0.9729107556192574
1.9911508468364674 -0.973452540506867
1.9913278298992183 -0.9739834896967186
1.9915012733018658 -0.974503819902773
1.9916712478357093 -0.9750137435047399
1.9918378228791176 -0.9755134686346609
1.9920010664220487 -0.976003199261966
1.9921610450940204 -0.9764831352767105
1.9923178241925588 -0.976953472571211
1.9924714677088187 -0.9774144031197902
1.9926220383549296 -0.9778661150573935
1.992769597587407 -0.978308792756241
1.992914205635761 -0.9787426169011342
1.9930559215226304 -0.9791677645631608
1.9931948030924056 -0.9795844092718908
1.9933309070305956 -0.9799927210864444
1.9934642888902367 -0.9803928666647226
1.993595003112575 -0.9807850093314192
1.993723103050392 -0.981169309144796
1.9938486409897798 -0.9815459229619119
1.9939716681697204 -0.9819150045026873
1.9940922348058818 -0.9822767044126232
1.994210390110132 -0.9826311703243555
1.9943261823080618 -0.9829785469178642
1.994439658662282 -0.9833189759794987
1.994550865489198 -0.983652596459895
1.9946598481796005 -0.9839795445306918
1.9947666512156288 -0.9842999536400822
1.9948713181913864 -0.9846139545672923
1.9949738918275632 -0.984921675475951
1.995074413991317 -0.9852232419664215
1.9951729257118451 -0.9855187771270976
1.99526946719795 -0.9858084015845525
1.995364077853768 -0.9860922335528612
1.995456796297017 -0.9863703888818036
1.9955476603712359 -0.9866429811041763
1.995636707164117 -0.9869101214820949
1.9957239730205898 -0.98717191905246
1.9958094935603758 -0.9874284806714132
1.9958933036892492 -0.9876799110579833
1.9959754376152987 -0.9879263128368239
1.9960559288628792 -0.9881677865800866
1.9961348102856973 -0.9884044308484936
1.9962121140802676 -0.9886363422315281
1.996287871798504 -0.9888636153868975
1.9963621143623695 -0.9890863430791597
1.9964348720753244 -0.989304616217576
1.996506174633651 -0.989518523893219
1.9965760511407966 -0.9897281534153562
1.9966445301181426 -0.9899335903470483
1.9967116395156659 -0.990134918540105
1.996777406725419 -0.9903322201693009
1.9968418585907044 -0.9905255757659125
1.996905021419023 -0.9907150642505922
1.996966920990871 -0.9909007629655826
1.9970275825712747 -0.9910827477062667
1.9970870309196513 -0.9912610927521409
1.9971452903012772 -0.9914358708971013
1.9972023844953901 -0.9916071534791608
1.9972583368053978 -0.9917750104095767
1.9973131700692488 -0.991939510201385
1.9973669066679054 -0.9921007199973547
1.9974195685345086 -0.9922587055974083
1.997471177163751 -0.9924135314854612
1.9975217536206376 -0.9925652608557521
1.9975713185483361 -0.9927139556386402
1.997619892177389 -0.9928596765258686
1.9976674943339592 -0.993002482995351
1.9977141444472126 -0.9931424333354432
1.9977598615583259 -0.9932795846687356
1.997804664327208 -0.9934139929753616
1.9978485710408225 -0.9935457131158552
1.9978915996199906 -0.9936747988535382
1.9979337676277023 -0.9938013028764664
1.997975092274996 -0.9939252768189392
1.9980155904295742 -0.9940467712825609
1.9980552786211232 -0.9941658358569095
1.9980941730487134 -0.9942825191397726
1.9981322895877047 -0.9943968687569766
1.9981696437959304 -0.9945089313818387
1.998206250920046 -0.9946187527542026
1.9982421259017684 -0.9947263776991174
1.9982772833837161 -0.9948318501451339
1.9983117377159274 -0.9949352131422321
1.998345502961701 -0.9950365088793872
1.99837859290257 -0.9951357787017999
1.9984110210444674 -0.9952330631277637
1.9984428006234767 -0.9953284018652092
1.9984739446109794 -0.9954218338279051
1.9985044657187239 -0.9955133971513472
1.9985343764042618 -0.9956031292083193
1.9985636888762495 -0.9956910666241534
1.998592415098769 -0.9957772452916704
1.998620566796883 -0.9958617003858372
1.9986481554609858 -0.9959444663781206
1.9986751923517159 -0.9960255770505576
1.998701688504748 -0.9961050655095456
1.9987276547346933 -0.9961829641993548
1.9987531016399323 -0.9962593049153675
1.998778039607121 -0.9963341188170598
1.998802478815047 -0.9964074364407186
1.9988264292387972 -0.9964792877119045
1.9988499006540215 -0.9965497019576663
1.998872902640917 -0.9966187079185131
1.9988954445881364 -0.9966863337601428
1.998917535696449 -0.9967526070849397
1.998939184982512 -0.9968175549432409
1.998960401282876 -0.9968812038443758
1.9989811932572634 -0.996943579767489
1.9990015693921126 -0.9970047081721396
1.9990215380042025 -0.9970646140086967
1.9990411072441874 -0.9971233217285226
1.9990602850993326 -0.9971808552939518
1.999079079397374 -0.9972372381880729
1.9990974978094176 -0.9972924934243116
1.9991155478532154 -0.9973466435558254
1.9991332368960957 -0.9973997106847088
1.9991505721582368 -0.9974517164710147
1.9991675607150894 -0.9975026821415943
1.9991842095007943 -0.9975526284987626
1.9992005253107508 -0.9976015759287873
1.9992165148045165 -0.9976495444102114
1.999232184508403 -0.9976965535220071
1.9992475408182606 -0.9977426224515671
1.9992625900018595 -0.9977877700025357
1.9992773382017945 -0.997832014602485
1.99929179143776 -0.9978753743104355
1.9993059556090123 -0.997917866824227
1.9993198364967832 -0.9979595094877425
1.9993334397668476 -0.9980003192979876
1.9993467709715207 -0.9980403129120279
1.999359835552135 -0.9980795066537874
1.9993726388410644 -0.9981179165207118
1.9993851860642895 -0.9981555581902976
1.9993974823430463 -0.9981924470264916
1.99940953269621 -0.9982285980859616
1.9994213420422497 -0.9982640261242425
1.9994329152014114 -0.9982987456017577
1.9994442568974184 -0.9983327706897227
1.9994553717594938 -0.9983661152759282
1.999466264324335 -0.9983987929704097
1.9994769390378797 -0.9984308171110015
1.9994874002571241 -0.9984622007687814
1.9994976522519807 -0.9984929567534058
1.99950769920694 -0.9985230976183377
1.9995175452227827 -0.9985526356659709
1.9995271943183264 -0.9985815829526514
1.9995366504319916 -0.9986099512935985
1.9995459174233423 -0.9986377522677267
1.999554999074873 -0.9986649972223721
1.9995638990933429 -0.9986916972779247
1.9995726211114915 -0.9987178633323662
1.999581168689256 -0.9987435060657189
1.9995895453154893 -0.9987686359444046
1.9995977544091885 -0.9987932632255164
1.9996057993210195 -0.9988173979610061
1.9996136833346203 -0.9988410500017859
1.9996214096679437 -0.9988642290017502
1.9996289814745716 -0.9988869444217152
1.9996364018450599 -0.998909205533281
1.9996436738081402 -0.9989310214226154
1.9996508003319586 -0.998952400994163
1.99965778432534 -0.9989733529742798
1.9996646286388182 -0.9989938859147942
1.9996713360660614 -0.9990140081964983
1.999677909344753 -0.9990337280325683
1.9996843511578646 -0.999053053471917
1.9996906641346996 -0.9990719924024786
1.9996968508520139 -0.999090552554429
1.9997029138349733 -0.9991087415033405
1.999708855558279 -0.9991265666732737
1.9997146784471296 -0.9991440353398082
1.9997203848781702 -0.999161154633012
1.9997259771805922 -0.9991779315403518
1.9997314576369951 -0.9991943729095448
1.999736828484238 -0.9992104854513539
1.9997420919145588 -0.9992262757423269
1.9997472500762645 -0.9992417502274804
1.9997523050747301 -0.9992569152229308
1.999757258973218 -0.9992717769184722
1.9997621137937562 -0.9992863413801029
1.999766871517891 -0.9993006145525009
1.9997715340875326 -0.9993146022614509
1.999776103405785 -0.9993283102162218
1.9997805813376843 -0.9993417440118973
1.9997849697109287 -0.9993549091316594
1.9997892703167242 -0.9993678109490262
1.9997934849103842 -0.9993804547300457
1.9997976152121764 -0.9993928456354447
1.9998016629079272 -0.9994049887227359
1.999805629649774 -0.9994168889482812
1.9998095170567778 -0.9994285511693155
1.9998133267156448 -0.9994399801459292
1.9998170601813439 -0.9994511805430106
1.9998207189777137 -0.9994621569321505
1.9998243045981687 -0.9994729137935074
1.999827818506198 -0.9994834555176373
1.9998312621360714 -0.9994937864072846
1.999834636893345 -0.9995039106791389
1.9998379441554863 -0.9995138324655561
1.9998411852723859 -0.999523555816245
1.9998443615669352 -0.9995330846999201
1.99984747433559 -0.9995424230059217
1.9998505248488743 -0.9995515745458032
1.9998535143518992 -0.9995605430548872
1.9998564440648718 -0.9995693321937894
1.9998593151835717 -0.9995779455499136
1.9998621288799046 -0.9995863866389154
1.999864886302314 -0.9995946589061371
1.9998675885762744 -0.9996027657280143
1.9998702368047485 -0.9996107104134541
1.9998728320686585 -0.999618496205185
1.999875375427287 -0.9996261262810813
1.999877867918749 -0.9996336037554596
1.9998803105603766 -0.9996409316803504
1.9998827043491731 -0.9996481130467434
1.9998850502621823 -0.9996551507858086
1.9998873492569411 -0.9996620477700924
1.9998896022718 -0.9996688068146905
1.9998918102263585 -0.9996754306783967
1.9998939740218393 -0.9996819220648288
1.999896094541407 -0.9996882836235321
1.9998981726505785 -0.9996945179510615
1.9999002091975595 -0.9997006275920403
1.999902205013606 -0.9997066150401994
1.9999041609133326 -0.9997124827393954
1.999906077695061 -0.9997182330846075
1.9999079561411601 -0.9997238684229154
1.9999097970183364 -0.9997293910544571
1.9999116010779754 -0.9997348032333679
1.9999133690564206 -0.9997401071687005
1.9999151016752883 -0.9997453050253265
1.999916799641788 -0.99975039892482
1.9999184636489582 -0.9997553909463236
1.9999200943759767 -0.9997602831273972
1.9999216924884617 -0.9997650774648492
1.999923258638694 -0.9997697759155523
1.9999247934659203 -0.9997743803972412
1.9999262975966021 -0.9997788927892963
1.999927771644671 -0.9997833149335104
1.9999292162117794 -0.9997876486348402
1.9999306318875463 -0.9997918956621433
1.9999320192497976 -0.9997960577489005
1.9999333788648028 -0.9998001365939224
1.9999347112875054 -0.9998041338620439
1.9999360170617597 -0.9998080511848031
1.999937296720523 -0.999811890161107
1.9999385507861118 -0.9998156523578849
1.9999397797703877 -0.9998193393107272
1.9999409841749827 -0.9998229525245127
1.9999421644914872 -0.9998264934740224
1.9999433212016597 -0.999829963604542
1.9999444547776235 -0.9998333643324512
1.9999455656820675 -0.9998366970458021
1.9999466543684263 -0.9998399631048861
1.9999477212810575 -0.9998431638427884
1.9999487668554392 -0.9998463005659326
1.999949791518332 -0.999849374554614
1.9999507956879685 -0.9998523870635218
1.9999517797742095 -0.9998553393222513
1.9999527441787253 -0.9998582325358063
1.9999536892951528 -0.9998610678850902
1.9999546155092487 -0.9998638465273884
1.9999555231990618 -0.9998665695968406
1.999956412735079 -0.9998692382049038
1.9999572844803781 -0.9998718534408058
1.999958138790768 -0.9998744163719896
1.999958976014954 -0.9998769280445498
1.9999597964946554 -0.9998793894836587
1.9999606005647623 -0.9998818016939856
1.9999613885534673 -0.9998841656601059
1.999962160782399 -0.9998864823469037
1.999962917566753 -0.9998887526999656
1.9999636592154155 -0.9998909776459662
1.999964386031106 -0.9998931580930469
1.999965098310484 -0.999895294931186
1.9999657963442754 -0.9998973890325623
1.9999664804173918 -0.9998994412519111
1.9999671508090462 -0.9999014524268729
1.9999678077928675 -0.9999034233783355
1.999968451637012 -0.9999053549107688
1.9999690826042726 -0.9999072478125535
1.9999697009521864 -0.9999091028563024
1.9999703069331443 -0.9999109207991763
1.99997090079448 -0.9999127023831927
1.9999714827785895 -0.9999144483355289
1.9999720531230167 -0.9999161593688183
1.9999726120605583 -0.9999178361814419
1.999973159819347 -0.9999194794578131
1.999973696622961 -0.9999210898686569
1.9999742226905026 -0.9999226680712838
1.9999747382366921 -0.9999242147098582
1.9999752434719593 -0.999925730415661
1.9999757386025216 -0.9999272158073478
1.9999762238304717 -0.9999286714912008
1.9999766993538608 -0.9999300980613768
1.9999771653667824 -0.9999314961001492
1.999977622059448 -0.9999328661781463
1.9999780696182583 -0.9999342088545833
1.9999785082258923 -0.9999355246774916
1.9999789380613753 -0.9999368141839418
1.9999793593001491 -0.9999380779002629
1.9999797721141468 -0.9999393163422576
1.9999801766718652 -0.9999405300154125
1.9999805731384288 -0.9999417194151042
1.9999809616756594 -0.9999428850268022
1.9999813424421453 -0.9999440273262661
1.9999817155933026 -0.9999451467797408
1.9999820812814366 -0.999946243844146
1.9999824396558066 -0.9999473189672631
1.9999827908626917 -0.9999483725879178
1.9999831350454376 -0.9999494051361595
1.9999834723445282 -0.9999504170334363
1.999983802897638 -0.9999514086927677
1.9999841268396852 -0.9999523805189123
1.999984444302892 -0.999953332908534
1.999984755416834 -0.9999542662503633
1.9999850603084974 -0.9999551809253561
1.9999853591023267 -0.999956077306849
1.9999856519202792 -0.999956955760712
1.9999859388818735 -0.9999578166454978
1.9999862201042353 -0.9999586603125878
1.99998649570215 -0.9999594871063361
1.9999867657881076 -0.9999602973642093
1.9999870304723457 -0.9999610914169251
1.9999872898628994 -0.9999618695885866
1.9999875440656414 -0.9999626321968148
1.9999877931843284 -0.9999633795528785
1.9999880373206422 -0.9999641119618209
1.999988276574229 -0.9999648297225845
1.999988511042744 -0.9999655331281329
1.999988740821889 -0.9999662224655702
1.9999889660054506 -0.9999668980162588
1.9999891866853423 -0.9999675600559337
1.999989402951635 -0.999968208854815
1.9999896148926024 -0.9999688446777186
1.9999898225947503 -0.9999694677841643
1.9999900261428554 -0.999970078428481
1.9999902256199988 -0.9999706768599114
1.9999904211075987 -0.9999712633227131
1.9999906126854465 -0.9999718380562589
1.9999908004317375 -0.9999724012951338
1.9999909844231032 -0.9999729532692311
1.9999911647346411 -0.9999734942038465
1.9999913414399482 -0.9999740243197696
1.9999915146111493 -0.9999745438333741
1.999991684318927 -0.9999750529567066
1.9999918506325485 -0.9999755518975725
1.9999920136198974 -0.999976040859621
1.9999921733474995 -0.9999765200424285
1.9999923298805498 -0.99997698964158
1.9999924832829385 -0.9999774498487484
1.9999926336172802 -0.9999779008517734
1.999992780944935 -0.999978342834738
1.9999929253260367 -0.9999787759780432
1.9999930668195156 -0.9999792004584823
1.9999932054831255 -0.9999796164493127
1.999993341373463 -0.9999800241203264
1.9999934745459935 -0.9999804236379198
1.9999936050550735 -0.9999808151651615
1.999993732953972 -0.9999811988618582
1.9999938582948922 -0.999981574884621
1.9999939811289944 -0.9999819433869286
1.9999941015064144 -0.99998230451919
1.999994219476286 -0.9999826584288062
1.9999943350867604 -0.9999830052602301
1.9999944483850254 -0.9999833451550255
1.9999945594173245 -0.999983678251925
1.9999946682289782 -0.9999840046868865
1.9999947748643985 -0.9999843245931488
1.9999948793671103 -0.9999846381012858
1.9999949817797678 -0.9999849453392601
1.9999950821441723 -0.9999852464324749
1.999995180501289 -0.9999855415038253
1.9999952768912634 -0.9999858306737488
1.9999953713534382 -0.9999861140602738
1.999995463926369 -0.9999863917790683
1.999995554647842 -0.999986663943487
1.9999956435548853 -0.9999869306646173
1.9999957306837879 -0.9999871920513249
1.999995816070112 -0.9999874482102984
1.9999958997487095 -0.9999876992460924
1.9999959817537354 -0.9999879452611706
1.9999960621186605 -0.9999881863559472
1.9999961408762874 -0.9999884226288283
1.9999962180587616 -0.9999886541762517
1.9999962936975864 -0.9999888810927267
1.9999963678236345 -0.9999891034708721
1.9999964404671617 -0.9999893214014547
1.9999965116578184 -0.9999895349734256
1.999996581424662 -0.999989744273957
1.999996649796169 -0.9999899493884779
1.9999967168002455 -0.9999901504007083
1.9999967824642408 -0.9999903473926941
1.999996846814956 -0.9999905404448403
1.9999969098786567 -0.9999907296359435
1.9999969716810837 -0.9999909150432246
1.999997032247462 -0.9999910967423601
1.999997091602513 -0.9999912748075129
1.9999971497704627 -0.9999914493113626
1.9999972067750535 -0.9999916203251353
1.9999972626395526 -0.9999917879186326
1.9999973173867613 -0.9999919521602599
1.9999973710390262 -0.9999921131170547
1.9999974236182458 -0.9999922708547136
1.9999974751458809 -0.9999924254376193
1.9999975256429634 -0.999992576928867
1.9999975751301042 -0.9999927253902897
1.999997623627502 -0.9999928708824839
1.9999976711549523 -0.9999930134648343
1.9999977177318533 -0.9999931531955376
1.9999977633772164 -0.9999932901316269
1.999997808109672 -0.9999934243289943
1.9999978519474786 -0.9999935558424144
1.999997894908529 -0.9999936847255662
1.9999979370103587 -0.9999938110310548
1.9999979782701516 -0.9999939348104336
1.9999980187047484 -0.999994056114225
1.9999980583306534 -0.9999941749919404
1.9999980971640403 -0.9999942914921016
1.9999981352207594 -0.9999944056622596
1.9999981725163443 -0.9999945175490145
1.9999982090660173 -0.9999946271980342
1.9999982448846971 -0.9999947346540735
1.999998279987003 -0.999994839960992
1.999998314387263 -0.9999949431617722
1.9999983480995178 -0.9999950442985367
1.9999983811375275 -0.999995143412566
1.9999984135147768 -0.9999952405443147
1.9999984452444814 -0.9999953357334284
1.999998476339592 -0.9999954290187598
1.9999985068128001 -0.9999955204383846
1.9999985366765443 -0.9999956100296169
1.9999985659430135 -0.9999956978290245
1.9999985946241532 -0.999995783872444
1.9999986227316702 -0.9999958681949952
1.9999986502770368 -0.9999959508310953
1.999998677271496 -0.9999960318144734
1.999998703726066 -0.9999961111781839
1.9999987296515447 -0.9999961889546202
1.9999987550585139 -0.9999962651755278
1.9999987799573435 -0.9999963398720172
1.9999988043581967 -0.9999964130745769
1.9999988282710328 -0.9999964848130853
1.9999988517056122 -0.9999965551168236
1.9999988746715 -0.9999966240144872
1.99999889717807 -0.9999966915341975
1.9999989192345087 -0.9999967577035135
1.9999989408498184 -0.9999968225494432
1.999998962032822 -0.9999968860984544
1.9999989827921656 -0.9999969483764853
1.9999990031363224 -0.9999970094089556
1.999999023073596 -0.9999970692207766
1.999999042612124 -0.9999971278363611
1.9999990617598815 -0.9999971852796339
1.999999080524684 -0.9999972415740412
1.9999990989141903 -0.9999972967425604
1.9999991169359066 -0.9999973508077092
1.9999991345971886 -0.9999974037915551
1.999999151905245 -0.999997455715724
1.99999916886714 -0.9999975066014095
1.9999991854897972 -0.9999975564693814
1.9999992017800012 -0.9999976053399937
1.9999992177444013 -0.9999976532331938
1.9999992333895134 -0.99999770016853
1.999999248721723 -0.9999977461651594
1.9999992637472888 -0.9999977912418562
1.999999278472343 -0.999997835417019
1.9999992929028962 -0.9999978787086786
1.9999993070448383 -0.999997921134505
1.9999993209039415 -0.999997962711815
1.9999993344858626 -0.9999980034575786
1.9999993477961453 -0.999998043388427
1.9999993608402225 -0.9999980825206585
1.999999373623418 -0.9999981208702453
1.9999993861509497 -0.9999981584528405
1.9999993984279307 -0.9999981952837836
1.9999994104593721 -0.999998231378108
1.9999994222501847 -0.9999982667505458
1.999999433805181 -0.9999983014155349
1.9999994451290775 -0.9999983353872243
1.999999456226496 -0.9999983686794798
1.999999467101966 -0.9999984013058901
1.9999994777599268 -0.9999984332797723
1.9999994882047283 -0.9999984646141769
1.9999994984406337 -0.9999984953218933
1.999999508471821 -0.9999985254154554
1.9999995183023844 -0.9999985549071463
1.9999995279363367 -0.9999985838090033
1.99999953737761 -0.9999986121328233
1.9999995466300577 -0.9999986398901668
1.9999995556974566 -0.9999986670923635
1.9999995645835074 -0.9999986937505162
1.9999995732918372 -0.9999987198755059
1.9999995818260003 -0.9999987454779958
1.9999995901894803 -0.9999987705684359
1.9999995983856906 -0.9999987951570671
1.9999996064179768 -0.9999988192539258
1.9999996142896173 -0.9999988428688472
1.999999622003825 -0.9999988660114703
1.9999996295637485 -0.9999988886912409
1.9999996369724735 -0.9999989109174161
1.9999996442330241 -0.9999989326990678
1.9999996513483635 -0.9999989540450864
1.9999996583213964 -0.9999989749641847
1.9999996651549685 -0.999998995464901
1.999999671851869 -0.999999015555603
1.9999996784148317 -0.999999035244491
1.9999996848465351 -0.9999990545396011
1.9999996911496045 -0.9999990734488091
1.9999996973266123 -0.9999990919798329
1.99999970338008 -0.9999991101402362
1.9999997093124784 -0.9999991279374315
1.9999997151262288 -0.9999991453786828
1.9999997208237041 -0.9999991624711092
1.99999972640723 -0.999999179221687
1.9999997318790854 -0.9999991956372533
1.9999997372415037 -0.9999992117245082
1.9999997424966736 -0.999999227490018
1.9999997476467402 -0.9999992429402177
1.9999997526938054 -0.9999992580814133
1.9999997576399293 -0.9999992729197851
1.9999997624871308 -0.9999992874613893
1.9999997672373881 -0.9999993017121616
1.9999997718926403 -0.9999993156779183
1.9999997764547874 -0.99999932936436
1.9999997809256918 -0.9999993427770728
1.9999997853071778 -0.9999993559215313
1.9999997896010342 -0.9999993688031007
1.9999997938090135 -0.9999993814270387
1.9999997979328332 -0.9999993937984979
1.9999998019741765 -0.9999994059225279
1.999999805934693 -0.9999994178040773
1.9999998098159992 -0.9999994294479958
1.9999998136196793 -0.9999994408590359
1.9999998173472857 -0.9999994520418551
1.99999982100034 -0.999999463001018
1.9999998245803332 -0.9999994737409977
1.9999998280887266 -0.9999994842661778
1.999999831526952 -0.9999994945808542
1.999999834896413 -0.9999995046892372
1.9999998381984847 -0.9999995145954524
1.999999841434515 -0.9999995243035434
1.9999998446058247 -0.9999995338174725
1.9999998477137082 -0.999999543141123
1.999999850759434 -0.9999995522783006
1.9999998537442454 -0.9999995612327346
1.9999998566693604 -0.9999995700080799
1.9999998595359731 -0.9999995786079183
1.9999998623452537 -0.99999958703576
1.9999998650983486 -0.9999995952950448
1.9999998677963817 -0.9999996033891438
1.999999870440454 -0.999999611321361
1.9999998730316448 -0.9999996190949337
1.999999875571012 -0.9999996267130351
1.9999998780595918 -0.9999996341787744
1.9999998804984 -0.9999996414951988
1.999999882888432 -0.9999996486652949
1.9999998852306633 -0.999999655691989
1.99999988752605 -0.9999996625781492
1.9999998897755291 -0.9999996693265862
1.9999998919800186 -0.9999996759400546
1.9999998941404182 -0.9999996824212535
1.9999998962576098 -0.9999996887728284
1.9999998983324576 -0.9999996949973718
1.9999999003658084 -0.9999997010974244
1.9999999023584922 -0.9999997070754759
1.9999999043113224 -0.9999997129339664
1.999999906225096 -0.999999718675287
1.999999908100594 -0.9999997243017813
1.9999999099385821 -0.9999997298157457
1.9999999117398104 -0.9999997352194308
1.9999999135050142 -0.9999997405150421
1.999999915234914 -0.9999997457047413
1.9999999169302156 -0.9999997507906464
1.9999999185916113 -0.9999997557748335
1.9999999202197791 -0.9999997606593368
1.9999999218153834 -0.9999997654461501
1.9999999233790757 -0.9999997701372271
1.9999999249114941 -0.9999997747344825
1.9999999264132642 -0.9999997792397929
1.999999927884999 -0.999999783654997
1.999999929327299 -0.999999787981897
1.999999930740753 -0.9999997922222591
1.9999999321259379 -0.9999997963778139
1.999999933483419 -0.9999998004502576
1.9999999348137507 -0.9999998044412525
1.9999999361174756 -0.9999998083524274
1.999999937395126 -0.9999998121853788
1.9999999386472236 -0.9999998159416712
1.9999999398742792 -0.9999998196228378
1.9999999410767935 -0.9999998232303811
1.9999999422552577 -0.9999998267657735
1.9999999434101525 -0.999999830230458
1.9999999445419494 -0.9999998336258489
1.9999999456511104 -0.9999998369533319
1.9999999467380882 -0.9999998402142654
1.9999999478033266 -0.99999984340998
1.99999994884726 -0.9999998465417804
1.9999999498703147 -0.9999998496109448
1.9999999508729085 -0.9999998526187259
1.9999999518554503 -0.9999998555663514
1.9999999528183414 -0.9999998584550244
1.9999999537619746 -0.9999998612859239
1.999999954686735 -0.9999998640602054
1.9999999555930004 -0.9999998667790012
1.9999999564811404 -0.9999998694434212
1.9999999573515175 -0.9999998720545528
1.9999999582044872 -0.9999998746134617
1.9999999590403974 -0.9999998771211925
1.9999999598595894 -0.9999998795787687
1.9999999606623977 -0.9999998819871934
1.9999999614491497 -0.9999998843474495
1.9999999622201667 -0.9999998866605004
1.9999999629757634 -0.9999998889272904
1.9999999637162482 -0.9999998911487447
1.9999999644419233 -0.9999998933257698
1.9999999651530849 -0.9999998954592544
1.9999999658500232 -0.9999998975500693
1.9999999665330226 -0.999999899599068
1.999999967202362 -0.9999999016070866
1.999999967858315 -0.999999903574945
1.9999999685011487 -0.9999999055034461
1.9999999691311257 -0.9999999073933772
1.9999999697485031 -0.9999999092455096
1.9999999703535332 -0.9999999110605995
1.9999999709464624 -0.9999999128393875
1.9999999715275332 -0.9999999145825997
1.9999999720969825 -0.9999999162909478
1.9999999726550428 -0.9999999179651288
1.999999973201942 -0.9999999196058262
1.999999973737903 -0.9999999212137097
1.999999974263145 -0.9999999227894355
1.999999974777882 -0.9999999243336468
1.9999999752823243 -0.9999999258469738
1.9999999757766778 -0.9999999273300344
1.9999999762611442 -0.9999999287834337
1.9999999767359213 -0.999999930207765
1.999999977201203 -0.9999999316036097
1.9999999776571789 -0.9999999329715374
1.9999999781040352 -0.9999999343121067
1.9999999785419544 -0.9999999356258645
1.9999999789711154 -0.9999999369133472
1.9999999793916932 -0.9999999381750803
1.9999999798038592 -0.9999999394115786
1.9999999802077821 -0.9999999406233471
1.9999999806036266 -0.9999999418108801
1.999999980991554 -0.9999999429746625
1.999999981371723 -0.9999999441151693
1.9999999817442886 -0.999999945232866
1.9999999821094028 -0.9999999463282087
1.9999999824672148 -0.9999999474016444
1.9999999828178705 -0.9999999484536115
1.9999999831615132 -0.9999999494845393
1.999999983498283 -0.9999999504948485
1.9999999838283173 -0.9999999514849515
1.999999984151751 -0.9999999524552524
1.999999984468716 -0.9999999534061473
1.9999999847793417 -0.9999999543380244
1.9999999850837549 -0.9999999552512638
1.9999999853820798 -0.9999999561462386
1.9999999856744382 -0.9999999570233138
1.9999999859609494 -0.9999999578828476
1.9999999862417304 -0.9999999587251907
1.9999999865168958 -0.9999999595506869
1.9999999867865579 -0.9999999603596731
1.9999999870508267 -0.9999999611524796
1.9999999873098102 -0.99999996192943
1.999999987563614 -0.9999999626908413
1.9999999878123418 -0.9999999634370246
1.999999988056095 -0.9999999641682841
1.999999988294973 -0.9999999648849184
1.9999999885290736 -0.99999996558722
1.999999988758492 -0.9999999662754756
1.9999999889833222 -0.9999999669499661
1.9999999892036557 -0.9999999676109668
1.9999999894195826 -0.9999999682587475
1.9999999896311909 -0.9999999688935726
1.999999989838567 -0.9999999695157011
1.9999999900417957 -0.9999999701253871
1.9999999902409598 -0.9999999707228794
1.9999999904361405 -0.9999999713084218
1.9999999906274177 -0.9999999718822533
1.9999999908148693 -0.9999999724446083
1.999999990998572 -0.9999999729957161
1.9999999911786006 -0.9999999735358017
1.9999999913550286 -0.9999999740650857
1.999999991527928 -0.999999974583784
1.9999999916973694 -0.9999999750921083
1.999999991863422 -0.9999999755902661
1.9999999920261535 -0.9999999760784608
1.9999999921856304 -0.9999999765568915
1.9999999923419178 -0.9999999770257537
1.9999999924950795 -0.9999999774852386
1.999999992645178 -0.9999999779355339
1.9999999927922743 -0.9999999783768232
1.9999999929364287 -0.9999999788092867
1.9999999930777002 -0.999999979233101
1.999999993216146 -0.999999979648439
1.999999993351823 -0.9999999800554702
1.9999999934847867 -0.9999999804543608
1.999999993615091 -0.9999999808452735
1.999999993742789 -0.9999999812283681
1.9999999938679331 -0.9999999816038008
1.9999999939905744 -0.9999999819717248
1.999999994110763 -0.9999999823322903
1.9999999942285476 -0.9999999826856445
1.9999999943439766 -0.9999999830319316
1.999999994457097 -0.9999999833712929
1.999999994567955 -0.9999999837038671
1.9999999946765958 -0.9999999840297897
1.999999994783064 -0.9999999843491939
1.9999999948874028 -0.9999999846622101
1.9999999949896548 -0.9999999849689659
1.9999999950898617 -0.9999999852695866
1.9999999951880645 -0.9999999855641948
1.9999999952843033 -0.9999999858529108
1.9999999953786172 -0.9999999861358526
1.9999999954710448 -0.9999999864131356
1.9999999955616239 -0.9999999866848729
1.9999999956503913 -0.9999999869511754
1.9999999957373835 -0.9999999872121519
1.9999999958226358 -0.9999999874679089
1.9999999959061832 -0.9999999877185507
1.9999999959880594 -0.9999999879641797
1.9999999960682981 -0.9999999882048961
1.9999999961469321 -0.9999999884407982
1.9999999962239936 -0.9999999886719823
1.9999999962995136 -0.9999999888985426
1.9999999963735233 -0.9999999891205718
1.9999999964460529 -0.9999999893381604
1.9999999965171318 -0.9999999895513971
1.9999999965867892 -0.9999999897603692
1.9999999966550535 -0.9999999899651618
1.9999999967219524 -0.9999999901658586
1.9999999967875133 -0.9999999903625414
1.999999996851763 -0.9999999905552905
1.9999999969147277 -0.9999999907441848
1.9999999969764333 -0.999999990929301
1.9999999970369047 -0.999999991110715
1.9999999970961666 -0.9999999912885007
1.9999999971542433 -0.9999999914627307
1.9999999972111584 -0.9999999916334761
1.9999999972669353 -0.9999999918008066
1.9999999973215967 -0.9999999919647904
1.9999999973751648 -0.9999999921254946
1.9999999974276614 -0.9999999922829848
1.9999999974791083 -0.9999999924373251
1.9999999975295262 -0.9999999925885785
1.9999999975789358 -0.999999992736807
1.999999997627357 -0.9999999928820709
1.99999999767481 -0.9999999930244294
1.9999999977213139 -0.9999999931639408
1.9999999977668876 -0.999999993300662
1.99999999781155 -0.9999999934346487
1.999999997855319 -0.9999999935659558
1.9999999978982126 -0.9999999936946367
1.9999999979402483 -0.9999999938207439
1.9999999979814433 -0.999999993944329
1.9999999980218144 -0.9999999940654425
1.999999998061378 -0.9999999941841337
1.9999999981001506 -0.999999994300451
1.9999999981381476 -0.9999999944144419
1.9999999981753847 -0.9999999945261531
1.999999998211877 -0.99999999463563
1.9999999982476395 -0.9999999947429175
1.9999999982826868 -0.9999999948480591
1.9999999983170331 -0.9999999949510979
1.9999999983506924 -0.9999999950520759
1.9999999983836785 -0.9999999951510344
1.9999999984160048 -0.9999999952480138
1.9999999984476848 -0.9999999953430535
1.9999999984787311 -0.9999999954361924
1.9999999985091566 -0.9999999955274685
1.9999999985389734 -0.9999999956169192
1.999999998568194 -0.9999999957045809
1.9999999985968302 -0.9999999957904893
1.9999999986248935 -0.9999999958746795
1.9999999986523957 -0.9999999959571859
1.9999999986793477 -0.9999999960380422
1.9999999987057608 -0.9999999961172814
1.9999999987316457 -0.9999999961949357
1.9999999987570127 -0.999999996271037
1.9999999987818724 -0.9999999963456162
1.999999998806235 -0.9999999964187039
1.9999999988301103 -0.9999999964903298
1.999999998853508 -0.9999999965605232
1.9999999988764379 -0.9999999966293127
1.999999998898909 -0.9999999966967265
1.9999999989209307 -0.9999999967627919
1.9999999989425121 -0.9999999968275362
1.9999999989636619 -0.9999999968909854
1.9999999989843886 -0.9999999969531657
1.9999999990047008 -0.9999999970141024
1.999999999024607 -0.9999999970738204
1.9999999990441149 -0.999999997132344
1.9999999990632324 -0.9999999971896971
1.999999999081968 -0.9999999972459032
1.9999999991003286 -0.9999999973009851
1.999999999118322 -0.9999999973549654
1.9999999991359556 -0.999999997407866
1.9999999991532365 -0.9999999974597087
1.9999999991701718 -0.9999999975105145
1.9999999991867683 -0.9999999975603042
1.9999999992030328 -0.9999999976090982
1.999999999218972 -0.9999999976569163
1.9999999992345927 -0.9999999977037779
1.999999999249901 -0.9999999977497024
1.999999999264903 -0.9999999977947084
1.999999999279605 -0.9999999978388142
1.9999999992940127 -0.999999997882038
1.9999999993081325 -0.9999999979243972
1.99999999932197 -0.9999999979659092
1.9999999993355306 -0.999999998006591
1.99999999934882 -0.9999999980464592
1.9999999993618436 -0.9999999980855301
1.9999999993746067 -0.9999999981238195
1.9999999993871145 -0.9999999981613431
1.9999999993993722 -0.9999999981981162
1.9999999994113848 -0.999999998234154
1.9999999994231572 -0.999999998269471
1.999999999434694 -0.9999999983040815
1.999999999446 -0.9999999983379999
1.99999999945708 -0.9999999983712399
1.9999999994679385 -0.999999998403815
1.9999999994785798 -0.9999999984357387
1.999999999489008 -0.9999999984670239
1.999999999499228 -0.9999999984976834
1.9999999995092435 -0.9999999985277297
1.9999999995190585 -0.9999999985571751
1.9999999995286772 -0.9999999985860316
1.9999999995381037 -0.999999998614311
1.9999999995473416 -0.9999999986420248
1.9999999995563948 -0.9999999986691843
1.9999999995652669 -0.9999999986958006
1.9999999995739615 -0.9999999987218846
1.9999999995824822 -0.9999999987474469
1.9999999995908326 -0.999999998772498
1.999999999599016 -0.999999998797048
1.9999999996070357 -0.9999999988211071
1.999999999614895 -0.9999999988446849
1.999999999622597 -0.9999999988677912
1.999999999630145 -0.9999999988904354
1.9999999996375422 -0.9999999989126267
1.9999999996447912 -0.9999999989343742
1.9999999996518953 -0.9999999989556867
1.9999999996588573 -0.999999998976573
1.99999999966568 -0.9999999989970415
1.9999999996723665 -0.9999999990171007
1.9999999996789193 -0.9999999990367586
1.9999999996853408 -0.9999999990560234
1.999999999691634 -0.999999999074903
1.9999999996978013 -0.999999999093405
1.9999999997038453 -0.9999999991115369
1.9999999997097684 -0.9999999991293061
1.999999999715573 -0.99999999914672
1.9999999997212616 -0.9999999991637856
1.9999999997268365 -0.9999999991805099
1.9999999997322997 -0.9999999991968996
1.9999999997376536 -0.9999999992129617
1.9999999997429005 -0.9999999992287024
1.9999999997480424 -0.9999999992441284
1.9999999997530815 -0.9999999992592459
1.9999999997580198 -0.9999999992740609
1.9999999997628595 -0.9999999992885797
1.9999999997676023 -0.9999999993028081
1.9999999997722504 -0.999999999316752
1.9999999997768054 -0.9999999993304169
1.9999999997812694 -0.9999999993438086
1.9999999997856441 -0.9999999993569324
1.9999999997899311 -0.9999999993697938
1.9999999997941325 -0.9999999993823979
1.9999999997982498 -0.9999999993947499
1.9999999998022848 -0.9999999994068549
1.9999999998062392 -0.9999999994187179
1.9999999998101143 -0.9999999994303435
1.999999999813912 -0.9999999994417366
1.9999999998176337 -0.9999999994529019
1.999999999821281 -0.9999999994638438
1.9999999998248554 -0.9999999994745669
1.9999999998283584 -0.9999999994850756
1.9999999998317912 -0.9999999994953741
1.9999999998351554 -0.9999999995054666
1.9999999998384523 -0.9999999995153572
1.9999999998416833 -0.99999999952505
1.9999999998448497 -0.999999999534549
1.9999999998479527 -0.999999999543858
1.9999999998509936 -0.9999999995529808
1.9999999998539737 -0.9999999995619212
1.9999999998568943 -0.9999999995706828
1.9999999998597564 -0.9999999995792691
1.9999999998625613 -0.9999999995876837
1.99999999986531 -0.99999999959593
1.9999999998680038 -0.9999999996040114
1.9999999998706437 -0.9999999996119312
1.9999999998732307 -0.9999999996196925
1.999999999875766 -0.9999999996272987
1.9999999998782507 -0.9999999996347527
1.9999999998806857 -0.9999999996420577
1.999999999883072 -0.9999999996492165
1.9999999998854106 -0.9999999996562322
1.9999999998877023 -0.9999999996631076
1.9999999998899483 -0.9999999996698454
1.9999999998921494 -0.9999999996764485
1.9999999998943063 -0.9999999996829195
1.9999999998964202 -0.9999999996892611
1.9999999998984919 -0.9999999996954759
1.999999999900522 -0.9999999997015664
1.9999999999025115 -0.9999999997075351
1.9999999999044613 -0.9999999997133844
1.999999999906372 -0.9999999997191167
1.9999999999082445 -0.9999999997247343
1.9999999999100797 -0.9999999997302396
1.999999999911878 -0.9999999997356348
1.9999999999136404 -0.9999999997409221
1.9999999999153677 -0.9999999997461037
1.9999999999170603 -0.9999999997511816
1.9999999999187192 -0.9999999997561579
1.9999999999203448 -0.9999999997610348
1.999999999921938 -0.9999999997658141
1.9999999999234992 -0.9999999997704978
1.9999999999250293 -0.9999999997750878
1.9999999999265288 -0.9999999997795861
1.9999999999279983 -0.9999999997839943
1.9999999999294382 -0.9999999997883144
1.9999999999308495 -0.9999999997925482
1.9999999999322327 -0.9999999997966972
1.999999999933588 -0.9999999998007633
1.9999999999349163 -0.999999999804748
1.999999999936218 -0.999999999808653
1.9999999999374936 -0.9999999998124799
1.9999999999387437 -0.9999999998162303
1.9999999999399687 -0.9999999998199057
1.9999999999411693 -0.9999999998235076
1.999999999942346 -0.9999999998270375
1.999999999943499 -0.9999999998304967
1.999999999944629 -0.9999999998338868
1.9999999999457363 -0.999999999837209
1.9999999999468216 -0.9999999998404648
1.9999999999478852 -0.9999999998436555
1.9999999999489275 -0.9999999998467825
1.999999999949949 -0.9999999998498468
1.99999999995095 -0.9999999998528498
1.999999999951931 -0.9999999998557928
1.9999999999528923 -0.9999999998586769
1.9999999999538345 -0.9999999998615033
1.9999999999547577 -0.9999999998642732
1.9999999999556626 -0.9999999998669877
1.9999999999565494 -0.9999999998696479
1.9999999999574185 -0.999999999872255
1.99999999995827 -0.9999999998748098
1.9999999999591047 -0.9999999998773136
1.9999999999599227 -0.9999999998797673
1.9999999999607243 -0.9999999998821719
1.99999999996151 -0.9999999998845285
1.9999999999622797 -0.999999999886838
1.9999999999630342 -0.9999999998891012
1.9999999999637736 -0.9999999998913192
1.9999999999644982 -0.9999999998934928
1.9999999999652083 -0.9999999998956229
1.9999999999659042 -0.9999999998977105
1.999999999966586 -0.9999999998997563
1.9999999999672544 -0.9999999999017611
1.9999999999679092 -0.9999999999037259
1.999999999968551 -0.9999999999056514
1.99999999996918 -0.9999999999075383
1.9999999999697964 -0.9999999999093875
1.9999999999704006 -0.9999999999111997
1.9999999999709925 -0.9999999999129757
1.9999999999715727 -0.9999999999147162
1.9999999999721414 -0.9999999999164219
1.9999999999726985 -0.9999999999180934
1.9999999999732445 -0.9999999999197315
1.9999999999737796 -0.9999999999213369
1.999999999974304 -0.9999999999229102
1.999999999974818 -0.999999999924452
1.9999999999753215 -0.999999999925963
1.9999999999758151 -0.9999999999274437
1.9999999999762987 -0.9999999999288949
1.9999999999767728 -0.999999999930317
1.9999999999772373 -0.9999999999317106
1.9999999999776925 -0.9999999999330764
1.9999999999781386 -0.9999999999344149
1.9999999999785758 -0.9999999999357266
1.9999999999790044 -0.999999999937012
1.9999999999794242 -0.9999999999382718
1.9999999999798357 -0.9999999999395064
1.999999999980239 -0.9999999999407163
1.9999999999806342 -0.999999999941902
1.9999999999810214 -0.999999999943064
1.9999999999814009 -0.9999999999442027
1.9999999999817728 -0.9999999999453187
1.9999999999821374 -0.9999999999464123
1.9999999999824947 -0.9999999999474841
1.9999999999828448 -0.9999999999485344
1.999999999983188 -0.9999999999495637
1.999999999983524 -0.9999999999505724
1.9999999999838536 -0.999999999951561
1.9999999999841764 -0.9999999999525298
1.9999999999844928 -0.9999999999534791
1.999999999984803 -0.9999999999544095
1.999999999985107 -0.9999999999553213
1.9999999999854048 -0.9999999999562149
1.9999999999856968 -0.9999999999570907
1.9999999999859828 -0.9999999999579489
1.9999999999862632 -0.9999999999587899
1.9999999999865379 -0.9999999999596141
1.9999999999868072 -0.9999999999604218
1.999999999987071 -0.9999999999612134
1.9999999999873297 -0.9999999999619891
1.999999999987583 -0.9999999999627492
1.9999999999878313 -0.9999999999634942
1.9999999999880747 -0.9999999999642243
1.9999999999883131 -0.9999999999649398
1.999999999988547 -0.999999999965641
1.999999999988776 -0.9999999999663283
1.9999999999890006 -0.9999999999670017
1.9999999999892206 -0.9999999999676616
1.9999999999894362 -0.9999999999683085
1.9999999999896476 -0.9999999999689423
1.9999999999898546 -0.9999999999695635
1.9999999999900575 -0.9999999999701722
1.9999999999902565 -0.9999999999707687
1.9999999999904514 -0.9999999999713534
1.9999999999906424 -0.9999999999719263
1.9999999999908296 -0.9999999999724878
1.999999999991013 -0.999999999973038
1.9999999999911926 -0.9999999999735772
1.9999999999913687 -0.9999999999741057
1.9999999999915412 -0.9999999999746236
1.9999999999917104 -0.9999999999751311
1.9999999999918763 -0.9999999999756285
1.9999999999920388 -0.9999999999761159
1.999999999992198 -0.9999999999765936
1.9999999999923541 -0.9999999999770618
1.999999999992507 -0.9999999999775205
1.999999999992657 -0.9999999999779702
1.9999999999928038 -0.9999999999784108
1.9999999999929476 -0.9999999999788426
1.9999999999930886 -0.9999999999792657
1.999999999993227 -0.9999999999796804
1.9999999999933624 -0.9999999999800867
1.9999999999934952 -0.9999999999804849
1.9999999999936253 -0.9999999999808753
1.9999999999937528 -0.9999999999812578
1.9999999999938778 -0.9999999999816326
1.9999999999940001 -0.999999999982
1.99999999999412 -0.99999999998236
1.9999999999942377 -0.9999999999827128
1.999999999994353 -0.9999999999830586
1.999999999994466 -0.9999999999833974
1.9999999999945766 -0.9999999999837295
1.9999999999946851 -0.9999999999840549
1.9999999999947915 -0.9999999999843737
1.9999999999948956 -0.9999999999846862
1.9999999999949978 -0.9999999999849926
1.999999999995098 -0.9999999999852928
1.999999999995196 -0.9999999999855869
1.9999999999952922 -0.9999999999858751
1.9999999999953864 -0.9999999999861576
1.9999999999954787 -0.9999999999864345
1.999999999995569 -0.9999999999867059
1.9999999999956577 -0.9999999999869718
1.9999999999957445 -0.9999999999872323
1.9999999999958296 -0.9999999999874877
1.999999999995913 -0.9999999999877379
1.9999999999959948 -0.9999999999879832
1.999999999996075 -0.9999999999882235
1.9999999999961535 -0.999999999988459
1.9999999999962303 -0.9999999999886898
1.9999999999963058 -0.999999999988916
1.9999999999963798 -0.9999999999891377
1.9999999999964522 -0.999999999989355
1.9999999999965232 -0.9999999999895679
1.9999999999965927 -0.9999999999897765
1.999999999996661 -0.999999999989981
1.9999999999967277 -0.9999999999901814
1.9999999999967932 -0.9999999999903778
1.9999999999968574 -0.9999999999905702
1.9999999999969202 -0.9999999999907588
1.9999999999969817 -0.9999999999909437
1.9999999999970421 -0.9999999999911248
1.9999999999971012 -0.9999999999913023
1.9999999999971592 -0.9999999999914763
1.999999999997216 -0.9999999999916468
1.9999999999972717 -0.9999999999918139
1.9999999999973264 -0.9999999999919776
1.9999999999973799 -0.9999999999921381
1.9999999999974323 -0.9999999999922953
1.9999999999974836 -0.9999999999924494
1.999999999997534 -0.9999999999926004
1.9999999999975833 -0.9999999999927484
1.9999999999976317 -0.9999999999928934
1.999999999997679 -0.9999999999930355
1.9999999999977254 -0.9999999999931748
1.999999999997771 -0.9999999999933114
1.9999999999978155 -0.9999999999934451
1.9999999999978593 -0.9999999999935762
1.9999999999979021 -0.9999999999937047
1.999999999997944 -0.9999999999938306
1.9999999999979852 -0.999999999993954
1.9999999999980254 -0.9999999999940749
1.9999999999980649 -0.9999999999941933
1.9999999999981035 -0.9999999999943094
1.9999999999981415 -0.9999999999944232
1.9999999999981786 -0.9999999999945348
1.999999999998215 -0.9999999999946442
1.9999999999982507 -0.9999999999947513
1.9999999999982858 -0.9999999999948563
1.99999999999832 -0.9999999999949593
1.9999999999983535 -0.9999999999950601
1.9999999999983864 -0.9999999999951589
1.9999999999984186 -0.9999999999952557
1.9999999999984501 -0.9999999999953506
1.9999999999984812 -0.9999999999954436
1.9999999999985116 -0.9999999999955348
1.9999999999985414 -0.9999999999956241
1.9999999999985705 -0.9999999999957115
1.9999999999985991 -0.9999999999957974
1.999999999998627 -0.9999999999958814
1.9999999999986546 -0.9999999999959638
1.9999999999986815 -0.9999999999960445
1.999999999998708 -0.9999999999961237
1.9999999999987337 -0.9999999999962011
1.999999999998759 -0.9999999999962771
1.9999999999987839 -0.9999999999963516
1.9999999999988083 -0.9999999999964245
1.999999999998832 -0.999999999996496
1.9999999999988554 -0.9999999999965661
1.9999999999988782 -0.9999999999966348
1.9999999999989007 -0.9999999999967021
1.9999999999989226 -0.999999999996768
1.9999999999989442 -0.9999999999968326
1.9999999999989653 -0.999999999996896
1.999999999998986 -0.9999999999969581
1.9999999999990061 -0.9999999999970189
1.9999999999990261 -0.9999999999970786
1.9999999999990457 -0.999999999997137
1.9999999999990647 -0.9999999999971942
1.9999999999990834 -0.9999999999972503
1.9999999999991018 -0.9999999999973053
1.9999999999991198 -0.9999999999973591
1.9999999999991374 -0.999999999997412
1.9999999999991547 -0.9999999999974637
1.9999999999991716 -0.9999999999975144
1.9999999999991882 -0.9999999999975642
1.9999999999992044 -0.9999999999976129
1.9999999999992204 -0.9999999999976606
1.999999999999236 -0.9999999999977074
1.9999999999992513 -0.9999999999977532
1.9999999999992661 -0.9999999999977982
1.9999999999992808 -0.9999999999978423
1.9999999999992952 -0.9999999999978855
1.9999999999993092 -0.9999999999979278
1.999999999999323 -0.9999999999979692
1.9999999999993365 -0.9999999999980098
1.9999999999993499 -0.9999999999980497
1.999999999999363 -0.9999999999980886
1.9999999999993756 -0.9999999999981268
1.999999999999388 -0.9999999999981642
1.9999999999994003 -0.999999999998201
1.9999999999994122 -0.999999999998237
1.999999999999424 -0.9999999999982723
1.9999999999994356 -0.9999999999983068
1.9999999999994469 -0.9999999999983407
1.999999999999458 -0.9999999999983739
1.9999999999994689 -0.9999999999984064
1.9999999999994795 -0.9999999999984382
1.99999999999949 -0.9999999999984694
1.9999999999995002 -0.9999999999985001
1.9999999999995102 -0.9999999999985301
1.99999999999952 -0.9999999999985595
1.9999999999995295 -0.9999999999985884
1.9999999999995388 -0.9999999999986166
1.9999999999995481 -0.9999999999986442
1.9999999999995572 -0.9999999999986713
1.9999999999995661 -0.9999999999986978
1.9999999999995748 -0.9999999999987239
1.9999999999995832 -0.9999999999987494
1.9999999999995917 -0.9999999999987744
1.9999999999995999 -0.999999999998799
1.9999999999996079 -0.9999999999988229
1.9999999999996156 -0.9999999999988465
1.9999999999996234 -0.9999999999988696
1.999999999999631 -0.9999999999988922
1.9999999999996383 -0.9999999999989144
1.9999999999996456 -0.9999999999989362
1.9999999999996527 -0.9999999999989575
1.9999999999996596 -0.9999999999989784
1.9999999999996665 -0.9999999999989988
1.9999999999996732 -0.9999999999990188
1.9999999999996796 -0.9999999999990384
1.999999999999686 -0.9999999999990576
1.9999999999996922 -0.9999999999990765
1.9999999999996985 -0.999999999999095
1.9999999999997045 -0.999999999999113
1.9999999999997105 -0.9999999999991308
1.9999999999997162 -0.9999999999991482
1.999999999999722 -0.9999999999991652
1.9999999999997276 -0.9999999999991819
1.999999999999733 -0.9999999999991982
1.9999999999997384 -0.9999999999992142
1.9999999999997438 -0.99999999999923
1.9999999999997489 -0.9999999999992454
1.999999999999754 -0.9999999999992605
1.9999999999997589 -0.9999999999992752
1.9999999999997637 -0.9999999999992898
1.9999999999997684 -0.999999999999304
1.999999999999773 -0.9999999999993179
1.9999999999997775 -0.9999999999993315
1.999999999999782 -0.9999999999993449
1.9999999999997864 -0.999999999999358
1.9999999999997906 -0.9999999999993708
1.9999999999997948 -0.9999999999993834
1.9999999999997988 -0.9999999999993957
1.9999999999998028 -0.9999999999994078
1.9999999999998068 -0.9999999999994197
1.9999999999998106 -0.9999999999994313
1.9999999999998144 -0.9999999999994427
1.9999999999998181 -0.9999999999994538
1.9999999999998217 -0.9999999999994647
1.9999999999998253 -0.9999999999994753
1.9999999999998288 -0.9999999999994859
1.9999999999998321 -0.9999999999994962
1.9999999999998355 -0.9999999999995063
1.9999999999998388 -0.9999999999995162
1.9999999999998421 -0.9999999999995258
1.9999999999998452 -0.9999999999995353
1.9999999999998483 -0.9999999999995446
1.9999999999998515 -0.9999999999995537
1.9999999999998543 -0.9999999999995626
1.9999999999998572 -0.9999999999995713
1.9999999999998601 -0.9999999999995799
1.999999999999863 -0.9999999999995883
1.9999999999998657 -0.9999999999995965
1.9999999999998683 -0.9999999999996046
1.999999999999871 -0.9999999999996125
1.9999999999998737 -0.9999999999996203
1.999999999999876 -0.9999999999996279
1.9999999999998785 -0.9999999999996353
1.999999999999881 -0.9999999999996426
1.9999999999998834 -0.9999999999996497
1.9999999999998859 -0.9999999999996567
1.999999999999888 -0.9999999999996636
1.9999999999998903 -0.9999999999996704
1.9999999999998925 -0.9999999999996769
1.9999999999998948 -0.9999999999996834
1.9999999999998967 -0.9999999999996897
1.9999999999998987 -0.9999999999996959
1.9999999999999007 -0.999999999999702
1.9999999999999027 -0.999999999999708
1.9999999999999047 -0.9999999999997139
1.9999999999999067 -0.9999999999997197
1.9999999999999085 -0.9999999999997252
1.9999999999999103 -0.9999999999997308
1.999999999999912 -0.9999999999997361
1.9999999999999138 -0.9999999999997414
1.9999999999999156 -0.9999999999997466
1.9999999999999174 -0.9999999999997518
1.999999999999919 -0.9999999999997568
1.9999999999999205 -0.9999999999997616
1.999999999999922 -0.9999999999997664
1.9999999999999236 -0.9999999999997711
1.9999999999999252 -0.9999999999997756
1.9999999999999267 -0.9999999999997801
1.9999999999999283 -0.9999999999997845
1.9999999999999296 -0.9999999999997888
1.999999999999931 -0.999999999999793
1.9999999999999323 -0.9999999999997972
1.9999999999999336 -0.9999999999998013
1.999999999999935 -0.9999999999998053
1.9999999999999363 -0.9999999999998092
1.9999999999999376 -0.9999999999998129
1.999999999999939 -0.9999999999998167
1.9999999999999403 -0.9999999999998204
1.9999999999999414 -0.9999999999998239
1.9999999999999425 -0.9999999999998275
1.9999999999999436 -0.9999999999998309
1.9999999999999447 -0.9999999999998342
1.9999999999999458 -0.9999999999998376
1.999999999999947 -0.9999999999998408
1.999999999999948 -0.999999999999844
1.9999999999999492 -0.9999999999998471
1.9999999999999503 -0.9999999999998502
1.9999999999999512 -0.9999999999998532
1.999999999999952 -0.9999999999998561
1.999999999999953 -0.999999999999859
1.9999999999999538 -0.9999999999998618
1.9999999999999547 -0.9999999999998646
1.9999999999999556 -0.9999999999998672
1.9999999999999565 -0.9999999999998699
1.9999999999999574 -0.9999999999998724
1.9999999999999583 -0.999999999999875
1.9999999999999591 -0.9999999999998775
1.99999999999996 -0.99999999999988
1.999999999999961 -0.9999999999998824
1.9999999999999618 -0.9999999999998848
1.9999999999999625 -0.9999999999998871
1.9999999999999631 -0.9999999999998893
1.9999999999999638 -0.9999999999998915
1.9999999999999645 -0.9999999999998938
1.9999999999999651 -0.9999999999998959
1.9999999999999658 -0.999999999999898
1.9999999999999665 -0.9999999999999
1.9999999999999671 -0.999999999999902
1.9999999999999678 -0.999999999999904
1.9999999999999685 -0.9999999999999059
1.9999999999999691 -0.9999999999999077
1.9999999999999698 -0.9999999999999096
1.9999999999999705 -0.9999999999999114
1.9999999999999711 -0.9999999999999132
1.9999999999999718 -0.999999999999915
1.9999999999999725 -0.9999999999999166
1.999999999999973 -0.9999999999999183
1.9999999999999734 -0.99999999999992
1.9999999999999738 -0.9999999999999215
1.9999999999999742 -0.9999999999999231
1.9999999999999747 -0.9999999999999246
1.9999999999999751 -0.9999999999999262
1.9999999999999756 -0.9999999999999276
1.999999999999976 -0.9999999999999291
1.9999999999999765 -0.9999999999999305
1.999999999999977 -0.9999999999999319
1.9999999999999774 -0.9999999999999333
1.9999999999999778 -0.9999999999999346
1.9999999999999782 -0.9999999999999359
1.9999999999999787 -0.9999999999999373
1.9999999999999791 -0.9999999999999385
1.9999999999999796 -0.9999999999999397
1.99999999999998 -0.9999999999999409
1.9999999999999805 -0.9999999999999422
1.999999999999981 -0.9999999999999433
1.9999999999999813 -0.9999999999999444
1.9999999999999818 -0.9999999999999455
1.9999999999999822 -0.9999999999999466
1.9999999999999827 -0.9999999999999477
1.9999999999999831 -0.9999999999999487
1.9999999999999836 -0.9999999999999497
1.9999999999999838 -0.9999999999999507
1.999999999999984 -0.9999999999999517
1.9999999999999842 -0.9999999999999527
1.9999999999999845 -0.9999999999999537
1.9999999999999847 -0.9999999999999546
1.999999999999985 -0.9999999999999555
1.9999999999999851 -0.9999999999999564
1.9999999999999853 -0.9999999999999573
1.9999999999999856 -0.9999999999999581
1.9999999999999858 -0.999999999999959
1.999999999999986 -0.9999999999999598
1.9999999999999862 -0.9999999999999606
1.9999999999999865 -0.9999999999999614
1.9999999999999867 -0.9999999999999621
1.999999999999987 -0.9999999999999629
1.9999999999999871 -0.9999999999999637
1.9999999999999873 -0.9999999999999645
1.9999999999999876 -0.9999999999999651
1.9999999999999878 -0.9999999999999658
1.999999999999988 -0.9999999999999665
1.9999999999999882 -0.9999999999999671
1.9999999999999885 -0.9999999999999678
1.9999999999999887 -0.9999999999999685
1.999999999999989 -0.9999999999999691
1.9999999999999891 -0.9999999999999698
1.9999999999999893 -0.9999999999999704
1.9999999999999896 -0.9999999999999709
1.9999999999999898 -0.9999999999999715
1.99999999999999 -0.999999999999972
1.9999999999999902 -0.9999999999999726
1.9999999999999905 -0.9999999999999731
1.9999999999999907 -0.9999999999999737
1.999999999999991 -0.9999999999999742
1.9999999999999911 -0.9999999999999748
1.9999999999999913 -0.9999999999999754
1.9999999999999916 -0.9999999999999758
1.9999999999999918 -0.9999999999999762
1.999999999999992 -0.9999999999999767
1.9999999999999922 -0.9999999999999771
1.9999999999999925 -0.9999999999999776
1.9999999999999927 -0.999999999999978
1.999999999999993 -0.9999999999999785
1.9999999999999931 -0.9999999999999789
1.9999999999999933 -0.9999999999999793
1.9999999999999936 -0.9999999999999798
1.9999999999999938 -0.9999999999999802
1.999999999999994 -0.9999999999999807
1.9999999999999942 -0.999999999999981
1.9999999999999944 -0.9999999999999813
1.9999999999999947 -0.9999999999999817
1.9999999999999947 -0.999999999999982
1.9999999999999947 -0.9999999999999823
1.9999999999999947 -0.9999999999999827
1.9999999999999947 -0.999999999999983
1.9999999999999947 -0.9999999999999833
1.9999999999999947 -0.9999999999999837
1.9999999999999947 -0.999999999999984
1.9999999999999947 -0.9999999999999843
1.9999999999999947 -0.9999999999999847
1.9999999999999947 -0.999999999999985
1.9999999999999947 -0.9999999999999853
1.9999999999999947 -0.9999999999999857
1.9999999999999947 -0.999999999999986
1.9999999999999947 -0.9999999999999863
1.9999999999999947 -0.9999999999999866
1.9999999999999947 -0.9999999999999868
1.9999999999999947 -0.999999999999987
1.9999999999999947 -0.9999999999999872
1.9999999999999947 -0.9999999999999875
1.9999999999999947 -0.9999999999999877
1.9999999999999947 -0.9999999999999879
1.9999999999999947 -0.9999999999999881
1.9999999999999947 -0.9999999999999883
1.9999999999999947 -0.9999999999999886
1.9999999999999947 -0.9999999999999888
1.9999999999999947 -0.999999999999989
1.9999999999999947 -0.9999999999999892
1.9999999999999947 -0.9999999999999895
1.9999999999999947 -0.9999999999999897
1.9999999999999947 -0.9999999999999899
1.9999999999999947 -0.9999999999999901
1.9999999999999947 -0.9999999999999903
1.9999999999999947 -0.9999999999999906
1.9999999999999947 -0.9999999999999908
1.9999999999999947 -0.999999999999991
1.9999999999999947 -0.9999999999999912
1.9999999999999947 -0.9999999999999915
1.9999999999999947 -0.9999999999999917
1.9999999999999947 -0.9999999999999919
1.9999999999999947 -0.999999999999992
1.9999999999999947 -0.9999999999999921
1.9999999999999947 -0.9999999999999922
1.9999999999999947 -0.9999999999999923
1.9999999999999947 -0.9999999999999925
1.9999999999999947 -0.9999999999999926
1.9999999999999947 -0.9999999999999927
1.9999999999999947 -0.9999999999999928
1.9999999999999947 -0.9999999999999929
1.9999999999999947 -0.999999999999993
1.9999999999999947 -0.9999999999999931
1.9999999999999947 -0.9999999999999932
1.9999999999999947 -0.9999999999999933
1.9999999999999947 -0.9999999999999934
1.9999999999999947 -0.9999999999999936
1.9999999999999947 -0.9999999999999937
1.9999999999999947 -0.9999999999999938
1.9999999999999947 -0.9999999999999939
1.9999999999999947 -0.999999999999994
1.9999999999999947 -0.9999999999999941
1.9999999999999947 -0.9999999999999942
1.9999999999999947 -0.9999999999999943
1.9999999999999947 -0.9999999999999944
1.9999999999999947 -0.9999999999999946
1.9999999999999947 -0.9999999999999947
1.9999999999999947 -0.9999999999999948
1.9999999999999947 -0.9999999999999949
1.9999999999999947 -0.999999999999995
1.9999999999999947 -0.9999999999999951
1.9999999999999947 -0.9999999999999952
1.9999999999999947 -0.9999999999999953
1.9999999999999947 -0.9999999999999954
1.9999999999999947 -0.9999999999999956
1.9999999999999947 -0.9999999999999957
1.9999999999999947 -0.9999999999999958
1.9999999999999947 -0.9999999999999959
1.9999999999999947 -0.999999999999996
1.9999999999999947 -0.9999999999999961
1.9999999999999947 -0.9999999999999962
1.9999999999999947 -0.9999999999999963
1.9999999999999947 -0.9999999999999964
1.9999999999999947 -0.9999999999999966
1.9999999999999947 -0.9999999999999967
1.9999999999999947 -0.9999999999999968
1.9999999999999947 -0.9999999999999969
1.9999999999999947 -0.999999999999997
1.9999999999999947 -0.9999999999999971
1.9999999999999947 -0.9999999999999972
1.9999999999999947 -0.9999999999999972
1.9999999999999947 -0.9999999999999972
1.9999999999999947 -0.9999999999999972
1.9999999999999947 -0.9999999999999972
1.9999999999999947 -0.9999999999999972
1.9999999999999947 -0.9999999999999972
1.9999999999999947 -0.9999999999999972
1.9999999999999947 -0.9999999999999972
1.9999999999999947 -0.9999999999999972
1.9999999999999947 -0.9999999999999972
1.9999999999999947 -0.9999999999999972
1.9999999999999947 -0.9999999999999972
1.9999999999999947 -0.9999999999999972
1.9999999999999947 -0.9999999999999972
1.9999999999999947 -0.9999999999999972
1.9999999999999947 -0.9999999999999972
1.9999999999999947 -0.9999999999999972
1.9999999999999947 -0.9999999999999972
1.9999999999999947 -0.9999999999999972
1.9999999999999947 -0.9999999999999972
1.9999999999999947 -0.9999999999999972
1.9999999999999947 -0.9999999999999972
1.9999999999999947 -0.9999999999999972
1.9999999999999947 -0.9999999999999972
1.9999999999999947 -0.9999999999999972
1.9999999999999947 -0.9999999999999972
1.9999999999999947 -0.9999999999999972
1.9999999999999947 -0.9999999999999972
1.9999999999999947 -0.9999999999999972
1.9999999999999947 -0.9999999999999972
1.9999999999999947 -0.9999999999999972
1.9999999999999947 -0.9999999999999972
1.9999999999999947 -0.9999999999999972
1.9999999999999947 -0.9999999999999972
1.9999999999999947 -0.9999999999999972
1.9999999999999947 -0.9999999999999972
1.9999999999999947 -0.9999999999999972
1.9999999999999947 -0.9999999999999972
1.9999999999999947 -0.9999999999999972
1.9999999999999947 -0.9999999999999972
1.9999999999999947 -0.9999999999999972
1.9999999999999947 -0.9999999999999972
1.9999999999999947 -0.9999999999999972
1.9999999999999947 -0.9999999999999972
1.9999999999999947 -0.9999999999999972
1.9999999999999947 -0.9999999999999972
1.9999999999999947 -0.9999999999999972
1.9999999999999947 -0.9999999999999972
1.9999999999999947 -0.9999999999999972
1.9999999999999947 -0.9999999999999972
1.9999999999999947 -0.9999999999999972
1.9999999999999947 -0.9999999999999972
1.9999999999999947 -0.9999999999999972
1.9999999999999947 -0.9999999999999972
1.9999999999999947 -0.9999999999999972
1.9999999999999947 -0.9999999999999972
1.9999999999999947 -0.9999999999999972
1.9999999999999947 -0.9999999999999972
1.9999999999999947 -0.9999999999999972
1.9999999999999947 -0.9999999999999972
1.9999999999999947 -0.9999999999999972
1.9999999999999947 -0.9999999999999972
1.9999999999999947 -0.9999999999999972
1.9999999999999947 -0.9999999999999972
1.9999999999999947 -0.9999999999999972
1.9999999999999947 -0.9999999999999972
1.9999999999999947 -0.9999999999999972
1.9999999999999947 -0.9999999999999972
1.9999999999999947 -0.9999999999999972
1.9999999999999947 -0.9999999999999972
1.9999999999999947 -0.9999999999999972
1.9999999999999947 -0.9999999999999972
1.9999999999999947 -0.9999999999999972
1.9999999999999947 -0.9999999999999972
1.9999999999999947 -0.9999999999999972
1.9999999999999947 -0.9999999999999972
1.9999999999999947 -0.9999999999999972
1.9999999999999947 -0.9999999999999972
1.9999999999999947 -0.9999999999999972
1.9999999999999947 -0.9999999999999972
1.9999999999999947 -0.9999999999999972
1.9999999999999947 -0.9999999999999972
1.9999999999999947 -0.9999999999999972
1.9999999999999947 -0.9999999999999972
1.9999999999999947 -0.9999999999999972
1.9999999999999947 -0.9999999999999972
1.9999999999999947 -0.9999999999999972
1.9999999999999947 -0.9999999999999972
1.9999999999999947 -0.9999999999999972
1.9999999999999947 -0.9999999999999972
1.9999999999999947 -0.9999999999999972
1.9999999999999947 -0.9999999999999972
1.9999999999999947 -0.9999999999999972
1.9999999999999947 -0.9999999999999972
1.9999999999999947 -0.9999999999999972
1.9999999999999947 -0.9999999999999972
1.9999999999999947 -0.9999999999999972
1.9999999999999947 -0.9999999999999972
1.9999999999999947 -0.9999999999999972
1.9999999999999947 -0.9999999999999972
1.9999999999999947 -0.9999999999999972
1.9999999999999947 -0.9999999999999972
1.9999999999999947 -0.9999999999999972
1.9999999999999947 -0.9999999999999972
1.9999999999999947 -0.9999999999999972
1.9999999999999947 -0.9999999999999972
1.9999999999999947 -0.9999999999999972
1.9999999999999947 -0.9999999999999972
1.9999999999999947 -0.9999999999999972
1.9999999999999947 -0.9999999999999972
1.9999999999999947 -0.9999999999999972
1.9999999999999947 -0.9999999999999972
1.9999999999999947 -0.9999999999999972
1.9999999999999947 -0.9999999999999972
1.9999999999999947 -0.9999999999999972
1.9999999999999947 -0.9999999999999972
1.9999999999999947 -0.9999999999999972
1.9999999999999947 -0.9999999999999972
1.9999999999999947 -0.9999999999999972
1.9999999999999947 -0.9999999999999972
1.9999999999999947 -0.9999999999999972
1.9999999999999947 -0.9999999999999972
1.9999999999999947 -0.9999999999999972
1.9999999999999947 -0.9999999999999972
1.9999999999999947 -0.9999999999999972
1.9999999999999947 -0.9999999999999972
1.9999999999999947 -0.9999999999999972
1.9999999999999947 -0.9999999999999972
1.9999999999999947 -0.9999999999999972
1.9999999999999947 -0.9999999999999972
1.9999999999999947 -0.9999999999999972
1.9999999999999947 -0.9999999999999972
1.9999999999999947 -0.9999999999999972
1.9999999999999947 -0.9999999999999972
1.9999999999999947 -0.9999999999999972
1.9999999999999947 -0.9999999999999972
1.9999999999999947 -0.9999999999999972
1.9999999999999947 -0.9999999999999972
1.9999999999999947 -0.9999999999999972
1.9999999999999947 -0.9999999999999972
1.9999999999999947 -0.9999999999999972
1.9999999999999947 -0.9999999999999972
1.9999999999999947 -0.9999999999999972
1.9999999999999947 -0.9999999999999972
1.9999999999999947 -0.9999999999999972
1.9999999999999947 -0.9999999999999972
1.9999999999999947 -0.9999999999999972
1.9999999999999947 -0.9999999999999972
1.9999999999999947 -0.9999999999999972
1.9999999999999947 -0.9999999999999972
1.9999999999999947 -0.9999999999999972
1.9999999999999947 -0.9999999999999972
1.9999999999999947 -0.9999999999999972
1.9999999999999947 -0.9999999999999972
1.9999999999999947 -0.9999999999999972
1.9999999999999947 -0.9999999999999972
1.9999999999999947 -0.9999999999999972
1.9999999999999947 -0.9999999999999972
1.9999999999999947 -0.9999999999999972
1.9999999999999947 -0.9999999999999972
1.9999999999999947 -0.9999999999999972
1.9999999999999947 -0.9999999999999972
1.9999999999999947 -0.9999999999999972
1.9999999999999947 -0.9999999999999972
1.9999999999999947 -0.9999999999999972
1.9999999999999947 -0.9999999999999972
1.9999999999999947 -0.9999999999999972
1.9999999999999947 -0.9999999999999972
1.9999999999999947 -0.9999999999999972
1.9999999999999947 -0.9999999999999972
1.9999999999999947 -0.9999999999999972
1.9999999999999947 -0.9999999999999972
1.9999999999999947 -0.9999999999999972
1.9999999999999947 -0.9999999999999972
1.9999999999999947 -0.9999999999999972
1.9999999999999947 -0.9999999999999972
1.9999999999999947 -0.9999999999999972
1.9999999999999947 -0.9999999999999972
1.9999999999999947 -0.9999999999999972
1.9999999999999947 -0.9999999999999972
1.9999999999999947 -0.9999999999999972
1.9999999999999947 -0.9999999999999972
1.9999999999999947 -0.9999999999999972
1.9999999999999947 -0.9999999999999972
1.9999999999999947 -0.9999999999999972
1.9999999999999947 -0.9999999999999972
1.9999999999999947 -0.9999999999999972
1.9999999999999947 -0.9999999999999972
1.9999999999999947 -0.9999999999999972
1.9999999999999947 -0.9999999999999972
1.9999999999999947 -0.9999999999999972
1.9999999999999947 -0.9999999999999972
1.9999999999999947 -0.9999999999999972
1.9999999999999947 -0.9999999999999972
1.9999999999999947 -0.9999999999999972
1.9999999999999947 -0.9999999999999972
1.9999999999999947 -0.9999999999999972
1.9999999999999947 -0.9999999999999972
1.9999999999999947 -0.9999999999999972
1.9999999999999947 -0.9999999999999972
1.9999999999999947 -0.9999999999999972
1.9999999999999947 -0.9999999999999972
1.9999999999999947 -0.9999999999999972
1.9999999999999947 -0.9999999999999972
1.9999999999999947 -0.9999999999999972
1.9999999999999947 -0.9999999999999972
1.9999999999999947 -0.9999999999999972
1.9999999999999947 -0.9999999999999972
1.9999999999999947 -0.9999999999999972
1.9999999999999947 -0.9999999999999972
1.9999999999999947 -0.9999999999999972
1.9999999999999947 -0.9999999999999972
1.9999999999999947 -0.9999999999999972
1.9999999999999947 -0.9999999999999972
1.9999999999999947 -0.9999999999999972
1.9999999999999947 -0.9999999999999972
1.9999999999999947 -0.9999999999999972
1.9999999999999947 -0.9999999999999972
1.9999999999999947 -0.9999999999999972
1.9999999999999947 -0.9999999999999972
1.9999999999999947 -0.9999999999999972
1.9999999999999947 -0.9999999999999972
1.9999999999999947 -0.9999999999999972
1.9999999999999947 -0.9999999999999972
1.9999999999999947 -0.9999999999999972
1.9999999999999947 -0.9999999999999972
1.9999999999999947 -0.9999999999999972
1.9999999999999947 -0.9999999999999972
1.9999999999999947 -0.9999999999999972
1.9999999999999947 -0.9999999999999972
1.9999999999999947 -0.9999999999999972
1.9999999999999947 -0.9999999999999972
1.9999999999999947 -0.9999999999999972
1.9999999999999947 -0.9999999999999972
1.9999999999999947 -0.9999999999999972
1.9999999999999947 -0.9999999999999972
1.9999999999999947 -0.9999999999999972
1.9999999999999947 -0.9999999999999972
1.9999999999999947 -0.9999999999999972
1.9999999999999947 -0.9999999999999972
1.9999999999999947 -0.9999999999999972
1.9999999999999947 -0.9999999999999972
1.9999999999999947 -0.9999999999999972
1.9999999999999947 -0.9999999999999972
1.9999999999999947 -0.9999999999999972
1.9999999999999947 -0.9999999999999972
1.9999999999999947 -0.9999999999999972
1.9999999999999947 -0.9999999999999972
1.9999999999999947 -0.9999999999999972
1.9999999999999947 -0.9999999999999972
1.9999999999999947 -0.9999999999999972
1.9999999999999947 -0.9999999999999972
1.9999999999999947 -0.9999999999999972
1.9999999999999947 -0.9999999999999972
1.9999999999999947 -0.9999999999999972
1.9999999999999947 -0.9999999999999972
1.9999999999999947 -0.9999999999999972
1.9999999999999947 -0.9999999999999972
1.9999999999999947 -0.9999999999999972
1.9999999999999947 -0.9999999999999972
1.9999999999999947 -0.9999999999999972
1.9999999999999947 -0.9999999999999972
1.9999999999999947 -0.9999999999999972
1.9999999999999947 -0.9999999999999972
1.9999999999999947 -0.9999999999999972
1.9999999999999947 -0.9999999999999972
1.9999999999999947 -0.9999999999999972
1.9999999999999947 -0.9999999999999972
1.9999999999999947 -0.9999999999999972
1.9999999999999947 -0.9999999999999972
1.9999999999999947 -0.9999999999999972
1.9999999999999947 -0.9999999999999972
1.9999999999999947 -0.9999999999999972
1.9999999999999947 -0.9999999999999972
1.9999999999999947 -0.9999999999999972
1.9999999999999947 -0.9999999999999972
1.9999999999999947 -0.9999999999999972
1.9999999999999947 -0.9999999999999972
1.9999999999999947 -0.9999999999999972
1.9999999999999947 -0.9999999999999972
1.9999999999999947 -0.9999999999999972
1.9999999999999947 -0.9999999999999972
1.9999999999999947 -0.9999999999999972
1.9999999999999947 -0.9999999999999972
1.9999999999999947 -0.9999999999999972
1.9999999999999947 -0.9999999999999972
1.9999999999999947 -0.9999999999999972
1.9999999999999947 -0.9999999999999972
1.9999999999999947 -0.9999999999999972
1.9999999999999947 -0.9999999999999972
1.9999999999999947 -0.9999999999999972
1.9999999999999947 -0.9999999999999972
