1 2
2.528 -2.584000022768975
1.944304 -0.8329120140712263
1.583696 0.24891199130225194
1.944420128 -0.8332603980729565
1.806623511104 -0.41987054533162693
1.944392712966272 -0.8331781529713642
2.029479255104 -1.0884377806524363
1.996942307654272 -0.9908269378184142
1.9768514199926122 -0.9305542745340571
1.9969657255480464 -0.9908971915000864
1.9892820608258706 -0.9678461972190631
1.9969641968608243 -0.9908926054383969
2.0016982294007764 -1.0050947031287958
1.9998814672936116 -0.9996444167802299
1.998763653435424 -0.9962909751890106
1.999889245128176 -0.999667750284039
1.9994592691015447 -0.998377822197738
1.9998891595832071 -0.9996674936491314
1.9997249414192122 -0.9991748391546991
1.9998891269115306 -0.9996673956341011
1.9999858599019096 -0.9999575946066792
1.9999459819255399 -0.9998379606769756
1.9999858519680713 -0.9999575708051647
1.9999706216118245 -0.9999118797361963
1.999985848937948 -0.9999575617147949
1.9999981714060557 -0.9999945291193013
2.000001073234552 -1.0000032346048324
1.9999988512022144 -0.9999965685077874
1.9999981660138302 -0.9999945129426244
1.9999999641576665 -0.9999999073741597
2.0000003876040875 -1.0000011777134303
1.9999998006985722 -0.9999994169968747
1.9999997007131425 -0.9999991170405838
2.000000225710896 -1.0000006920338524
2.000000025161754 -1.0000000903864237
1.9999997389075765 -0.999999231623887
1.9999997625117367 -0.9999993024363683
1.9999997534949476 -0.9999992753860005
1.999999762509943 -0.9999993024309863
1.9999997590662146 -0.999999292099802
1.9999997625092578 -0.9999993024289311
1.9999997611940152 -0.9999992984832038
1.9999997625089962 -0.9999993024281459
1.9999997620066736 -0.9999993009211781
1.9999997625088963 -0.9999993024278462
1.9999997623170471 -0.999999301852299
1.9999997625088581 -0.9999993024277316
1.9999997624355863 -0.9999993022079168
1.9999997625088435 -0.9999993024276881
1.9999997624808592 -0.9999993023437357
1.9999997625088382 -0.9999993024276717
1.9999997624981503 -0.999999302395608
1.999999762508836 -0.999999302427665
1.9999997625047539 -0.9999993024154197
1.999999762508835 -0.9999993024276628
1.9999997625072763 -0.9999993024229861
1.9999997625088348 -0.9999993024276623
1.9999997625082395 -0.9999993024258758
1.9999997625088346 -0.9999993024276619
1.9999997625086072 -0.9999993024269798
1.9999997625088346 -0.9999993024276619
1.999999762508748 -0.9999993024274012
1.9999997625088346 -0.9999993024276619
1.9999997625088015 -0.9999993024275624
1.9999997625088346 -0.9999993024276619
1.9999997625088222 -0.9999993024276237
1.9999997625088346 -0.9999993024276619
1.9999997625088297 -0.9999993024276472
1.9999997625088346 -0.9999993024276619
1.9999997625088328 -0.9999993024276561
1.9999997625088346 -0.9999993024276614
1.999999762508834 -0.9999993024276597
1.9999997625088346 -0.9999993024276614
1.9999997625088344 -0.999999302427661
1.9999997625088346 -0.9999993024276619
1.9999997625088346 -0.9999993024276614
2.000000125395335 -1.0000003683181948
1.9999999867726919 -0.999999961148011
1.9999999011314777 -0.9999997095978451
1.9999999868002714 -0.9999999612290187
1.9999999540747921 -0.9999998651059104
1.9999999867937606 -0.9999999612098948
2.0000000070010624 -1.000000020563913
1.9999999992738249 -0.9999999978670384
1.9999999945024167 -0.9999999838521909
1.9999999992793864 -0.9999999978833741
1.9999999974545841 -0.9999999925234621
1.9999999992790234 -0.9999999978823078
2.0000000004033143 -1.000000001184638
1.9999999999718494 -0.9999999999173148
1.9999999997063784 -0.9999999991375589
1.9999999999736966 -0.9999999999227405
1.9999999998715812 -0.9999999996228011
1.9999999999736762 -0.9999999999226807
1.9999999999346758 -0.9999999998081267
1.9999999999736686 -0.999999999922658
1.9999999999966418 -0.9999999999901362
1.9999999999871712 -0.9999999999623185
1.9999999999966398 -0.9999999999901307
1.9999999999930227 -0.9999999999795065
1.9999999999966391 -0.9999999999901286
1.9999999999995657 -0.9999999999987245
2.000000000000255 -1.0000000000007487
1.999999999999727 -0.9999999999991986
1.9999999999995643 -0.9999999999987207
1.9999999999999913 -0.999999999999975
2.000000000000092 -1.0000000000002705
1.9999999999999525 -0.999999999999861
1.9999999999999287 -0.9999999999997913
2.0000000000000533 -1.0000000000001574
2.0000000000000058 -1.0000000000000175
1.9999999999999378 -0.9999999999998179
1.9999999999999434 -0.9999999999998344
1.9999999999999414 -0.999999999999828
1.9999999999999434 -0.9999999999998344
1.9999999999999427 -0.9999999999998319
1.9999999999999434 -0.9999999999998344
1.9999999999999432 -0.9999999999998335
1.9999999999999434 -0.9999999999998344
1.9999999999999434 -0.999999999999834
1.9999999999999434 -0.9999999999998344
1.9999999999999434 -0.9999999999998342
1.9999999999999434 -0.9999999999998344
1.9999999999999434 -0.9999999999998342
1.9999999999999434 -0.9999999999998344
1.9999999999999434 -0.9999999999998344
1.9999999999999434 -0.9999999999998344
1.9999999999999434 -0.9999999999998344
1.9999999999999434 -0.9999999999998344
1.9999999999999434 -0.9999999999998344
1.9999999999999434 -0.9999999999998344
1.9999999999999434 -0.9999999999998344
1.9999999999999434 -0.9999999999998344
1.9999999999999434 -0.9999999999998344
1.9999999999999434 -0.9999999999998344
1.9999999999999434 -0.9999999999998344
1.9999999999999434 -0.9999999999998344
1.9999999999999434 -0.9999999999998344
1.9999999999999434 -0.9999999999998344
1.9999999999999434 -0.9999999999998344
1.9999999999999434 -0.9999999999998344
1.9999999999999434 -0.9999999999998344
1.9999999999999434 -0.9999999999998344
1.9999999999999434 -0.9999999999998344
1.9999999999999434 -0.9999999999998344
1.9999999999999434 -0.9999999999998344
1.9999999999999434 -0.9999999999998344
1.9999999999999434 -0.9999999999998344
1.9999999999999434 -0.9999999999998344
1.9999999999999434 -0.9999999999998344
1.9999999999999434 -0.9999999999998344
1.9999999999999434 -0.9999999999998344
2.00000000000003 -1.0000000000000875
1.999999999999997 -0.9999999999999908
1.9999999999999765 -0.999999999999931
1.999999999999997 -0.9999999999999908
1.9999999999999891 -0.9999999999999679
1.999999999999997 -0.9999999999999908
2.0000000000000018 -1.0000000000000049
2.0 -0.9999999999999994
1.999999999999999 -0.9999999999999961
2.0 -0.9999999999999994
1.9999999999999996 -0.9999999999999982
2.0 -0.9999999999999994
2.0 -1.0000000000000002
2.0 -1.0
2.0 -0.9999999999999998
2.0 -1.0
2.0 -0.9999999999999999
2.0 -1.0
2.0 -1.0
2.0 -0.9999999999999999
2.0 -1.0
2.0 -1.0
2.0 -0.9999999999999999
2.0 -1.0
2.0 -1.0
2.0 -1.0
2.0 -1.0
2.0 -0.9999999999999999
2.0 -1.0
2.0 -0.9999999999999999
2.0 -1.0
2.0 -1.0
2.0 -1.0
2.0 -1.0
2.0 -1.0
2.0 -0.9999999999999999
2.0 -1.0
2.0 -1.0
2.0 -1.0
2.0 -1.0
2.0 -1.0
2.0 -0.9999999999999999
2.0 -1.0
2.0 -0.9999999999999999
2.0 -1.0
2.0 -1.0
2.0 -1.0
2.0 -0.9999999999999999
2.0 -1.0
2.0 -1.0
2.0 -1.0
2.0 -1.0
2.0 -1.0
2.0 -0.9999999999999999
2.0 -0.9999999999999999
2.0 -0.9999999999999999
2.0 -0.9999999999999999
2.0 -0.9999999999999999
2.0 -0.9999999999999999
2.0 -0.9999999999999999
2.0 -0.9999999999999999
2.0 -0.9999999999999999
2.0 -0.9999999999999999
2.0 -0.9999999999999999
2.0 -0.9999999999999999
2.0 -0.9999999999999999
2.0 -0.9999999999999999
2.0 -0.9999999999999999
2.0 -0.9999999999999999
2.0 -0.9999999999999999
2.0 -0.9999999999999999
2.0 -0.9999999999999999
2.0 -0.9999999999999999
2.0 -0.9999999999999999
2.0 -0.9999999999999999
2.0 -0.9999999999999999
2.0 -0.9999999999999999
