1 2
3.0 -4.000000029802322
2.0 -1.0000000149011612
2.0 -1.0000000149011612
2.0 -1.0000000149011612
2.0 -1.0000000149011612
2.0 -1.0000000149011612
2.0 -1.0000000149011612
2.0 -1.0000000149011612
2.0 -1.0000000149011612
2.0 -1.0000000149011612
2.0 -1.0000000149011612
2.0 -1.0000000149011612
2.0 -1.0000000149011612
2.0 -1.0000000149011612
2.0 -1.0000000149011612
2.0 -1.0000000149011612
2.0 -1.0000000149011612
2.0 -1.0000000149011612
2.0 -1.0000000149011612
2.0 -1.0000000149011612
2.0 -1.0000000149011612
2.0 -1.0000000149011612
2.0 -1.0000000149011612
2.0 -1.0000000149011612
2.0 -1.0000000149011612
2.0 -1.0000000149011612
2.0 -1.0000000149011612
2.0 -1.0000000149011612
1.9999999925494194 -0.9999999925494194
1.9999999962747097 -1.0000000037252903
1.9999999962747097 -1.0000000037252903
1.9999999953433871 -1.0000000009313226
1.9999999953433871 -1.0000000009313226
1.9999999955762178 -1.0000000016298145
1.9999999955762178 -1.0000000016298145
1.99999999551801 -1.0000000014551915
1.99999999551801 -1.0000000014551915
1.999999995532562 -1.0000000014988473
1.999999995532562 -1.0000000014988473
1.999999995528924 -1.0000000014879333
1.999999995528924 -1.0000000014879333
1.9999999955298335 -1.0000000014906618
1.9999999955298335 -1.0000000014906618
1.9999999955296062 -1.0000000014899797
1.9999999955296062 -1.0000000014899797
1.999999995529663 -1.0000000014901502
1.999999995529663 -1.0000000014901502
1.9999999955296488 -1.0000000014901076
1.9999999955296488 -1.0000000014901076
1.9999999955296524 -1.0000000014901183
1.9999999955296524 -1.0000000014901183
1.9999999955296515 -1.0000000014901156
1.9999999955296515 -1.0000000014901156
1.9999999955296512 -1.0000000014901147
2.000000004470349 -0.9999999985098853
2.0 -1.0
2.0 -1.0
2.0 -1.0
2.0 -1.0
2.0 -1.0
2.0 -1.0
2.0 -1.0
2.0 -1.0
2.0 -1.0
2.0 -1.0
2.0 -1.0
2.0 -1.0
2.0 -1.0
2.0 -1.0
2.0 -1.0
2.0 -1.0
2.0 -1.0
2.0 -1.0
2.0 -1.0
2.0 -1.0
2.0 -1.0
2.0 -1.0
2.0 -1.0
2.0 -1.0
2.0 -1.0
2.0 -1.0
2.0 -1.0
2.0 -1.0
2.0 -1.0
2.0 -1.0
2.0 -1.0
2.0 -1.0
2.0 -1.0
2.0 -1.0
2.0 -1.0
2.0 -1.0
2.0 -1.0
2.0 -1.0
2.0 -1.0
2.0 -1.0
2.0 -1.0
2.0 -1.0
2.0 -1.0
2.0 -1.0
2.0 -1.0
2.0 -1.0
2.0 -1.0
2.0 -1.0
2.0 -1.0
2.0 -1.0
2.0 -1.0
2.0 -1.0
2.0 -1.0
