1 2
0.98 1.96
0.9603999999165534 1.9208000002953471
0.9411919999122619 1.882384000243766
0.9223681598901747 1.8447363203201006
0.9039207965135573 1.8078415937511656
0.8858423805236815 1.771684761800103
0.8681255330145358 1.7362510664099697
0.8507630224525927 1.7015260449446392
0.8337477619946002 1.6674955239807672
0.8170728066563605 1.6341456135829644
0.80073135048151 1.6014627012721268
0.7847167234122752 1.5694334471769844
0.7690223889052866 1.538044778207811
0.7536419411003588 1.507283882596233
0.7385691022872922 1.4771382049871669
0.723797720223665 1.4475954407772793
0.7093217658996579 1.4186435318767678
0.6951353305578228 1.3902706612836548
0.6812326239049431 1.3624652480225632
0.6676079714298244 1.335215943169171
0.6542558120191093 1.3085116243309747
0.6411706957221027 1.282341391773568
0.6283472818136211 1.256694563989208
0.6157803362607952 1.2315606725531987
0.6034647295624014 1.2069294589955144
0.5913954349607226 1.182790869826586
0.5795675262063738 1.1591350523181958
0.5679761756956573 1.1359523511901062
0.5566166522353883 1.1132333041351
0.5454843191802496 1.0909686381818113
0.5345746327936645 1.0691492654065424
0.5238831401616331 1.0477662800127894
0.513405477404594 1.026810954295134
0.5031373678892846 1.0062747351519148
0.4930746205896135 0.9861492405751316
0.4832131282240148 0.9664262557694285
0.47354886561632115 0.947097730628547
0.46407788828015284 0.9281557760307162
0.454796330556273 0.9095926605084508
0.44570040389895393 0.8914008072683185
0.4367863958328958 0.8735727911362022
0.42805066790431695 0.8561013353162974
0.41948965452611403 0.8389793085971444
0.4110998614504929 0.8221997223713964
0.4028778642415996 0.8057557279536098
0.39482030697166876 0.7896406133764953
0.3869239008426662 0.7738478011184902
0.3791854228079315 0.7583708450862736
0.3716017143428322 0.7432034281933279
0.3641696800664063 0.7283393596404761
0.35688628647476395 0.7137725724571914
0.34974856074899396 0.6994971210056514
0.3427535895258184 0.6855071785593003
0.33589851774275264 0.6717970349931688
0.3291805473715063 0.658361094287929
0.32259693641215526 0.6451938724064797
0.3161449977010485 0.6322899949470133
0.3098220977559682 0.6196441950382263
0.3036256557889279 0.6072513111413986
0.2975531426817175 0.5951062849269778
0.2916020798310634 0.5832041592256696
0.2857700382173058 0.5715400760354072
0.2800546374544498 0.5601092745096953
0.27445354470983113 0.5489070890018315
0.268964473828673 0.5379289472208888
0.2635851843468841 0.5271703682759376
0.2583134806714948 0.5166269609065325
0.25314721105620225 0.5062944216945738
0.2480842668376859 0.4961685332575411
0.24312258148565846 0.4862451625907392
0.23826012985780792 0.4765202593350381
0.23349492726847487 0.466989854156372
0.22882502872496802 0.4576500570693583
0.22424852814525323 0.4484970559099287
0.21976355757564264 0.43952711477070755
0.21536828642711 0.4307365724736423
0.21106092069297985 0.42212184102400846
0.2068397022783752 0.41367940419479915
0.20270290823653297 0.4054058161111147
0.1986488500796254 0.39729769978798635
0.19467587307095482 0.3893517457985849
0.19078235561028078 0.38156471089586325
0.18696670849807517 0.37393341669007846
0.18322737433016256 0.36645474835425323
0.17956282684579447 0.35912565338551705
0.17597157030366317 0.3519431403198809
0.1724521389044817 0.3449042775122047
0.16900309612974482 0.33800619196273096
0.1656230342108752 0.33124606812499174
0.16231057352386372 0.32462114676028203
0.15906436204910235 0.31812872382938573
0.15588307481259064 0.3117661493470491
0.15276541331782895 0.3055308263621823
0.1497101050522174 0.2994202098402725
0.14671590295154557 0.29343180564358545
0.14378158489242152 0.28756316952999394
0.14090595319401428 0.2818119061424927
0.13808783413376613 0.2761756680219964
0.13532607745379163 0.2706521546620474
0.13261955590452953 0.2652391115635232
0.1299671647883947 0.25993432933125354
0.1273678214941169 0.25473564274269794
0.12482046506367576 0.24964092988647227
0.12232405575923574 0.24464811129156205
0.11987757464870763 0.2397551490611926
0.11748002315405709 0.23496004608120474
0.11513042268808883 0.23026084515858147
0.1128278142353515 0.22565562825776342
0.11057125795166892 0.22114251569505486
0.10835983279393938 0.21671966537959578
0.10619263613829341 0.21238527207296046
0.10406878341687795 0.20813756663245783
0.10198740774998392 0.2039748152986698
0.09994765959680031 0.19989531899463087
0.09794870640383985 0.19589741261569485
0.09598973227431949 0.19197946436363905
0.09406993762822773 0.18813987507844046
0.09218853887403335 0.1843770775747083
0.09034476809669237 0.18068953602468296
0.08853787273634176 0.17707574530398174
0.08676711528096298 0.1735342303978808
0.08503177297534371 0.17006354578897057
0.08333113751606966 0.16666227487275076
0.0816645147651429 0.16332902937555385
0.08003122446825678 0.16006244878876655
0.07843059997772749 0.15686119981469288
0.07686198797775383 0.15372397581823802
0.07532474821899036 0.15064949630187524
0.07381825325428458 0.14763650637479198
0.07234188818838397 0.14468377624764736
0.07089505042531477 0.14179010072267312
0.06947714941692489 0.13895429870822165
0.06808760642888906 0.1361752127344783
0.06672585430089334 0.13345170848081517
0.06539133721496859 0.13078267431129398
0.0640835104708089 0.12816702082530293
0.06280184026109004 0.1256036804081935
0.061545803456101056 0.12309160680054385
0.060314887386047705 0.12062977466509375
0.05910858963848972 0.11821717917230609
0.05792641784530082 0.1158528355882566
0.0567678894882551 0.11353577887649345
0.05563253169879267 0.11126506329873274
0.05451988106477024 0.10903976203243411
0.053429483443032444 0.1068589667918689
0.05236089377431148 0.10472178745559113
0.051313675898708826 0.10262735170671412
0.050287402381072245 0.10057480467260511
0.04928165433346243 0.0985633085797138
0.04829602124693287 0.0965920424084009
0.04733010082156347 0.0946602015599904
0.04638349880464324 0.09276699752906034
0.04545582882827097 0.0909116575786441
0.04454671225219448 0.0890934244270732
0.04365577800665 0.08731155593831254
0.042782662446260875 0.08556532481986259
0.04192700919695148 0.0838540183235721
0.0410884690133384 0.0821769379575101
0.04026669963321132 0.08053339919783802
0.03946136564074499 0.07892273121348743
0.038672138327965004 0.07734427658938266
0.03789869556145226 0.07579739105752133
0.03714072165021157 0.07428144323649512
0.03639790721732374 0.07279581437188362
0.035669949073052924 0.07133989808450615
0.03495655009173738 0.06991310012245713
0.034257419089844414 0.06851483812012639
0.0335722707080999 0.06714454135780153
0.03290082529390879 0.06580165053058346
0.03224280878785016 0.06448561751992139
0.03159795261191852 0.06319590516951332
0.030965993559802375 0.061931987066154146
0.03034667368832692 0.06069334732465843
0.029739740214426495 0.059479480378312764
0.029144945410079746 0.05828989077078342
0.028562046501901424 0.05712409295529989
0.02799080557189831 0.055981611096166776
0.027430989460553466 0.0548619788743502
0.02688236967136567 0.053764739296847726
0.026344722278008197 0.05268944451100589
0.025817827832360713 0.051635655620729554
0.02530147127574259 0.05060294250836643
0.02479544185014624 0.04959088365819236
0.02429953301310838 0.04859906598513527
0.023813542352872398 0.04762708466553642
0.023337271505878967 0.04667454297213164
0.02287052607585742 0.04574105211267062
0.022413115554372275 0.04482623107042793
0.021964853243261535 0.043929706449079564
0.021525556178384652 0.04305111232019891
0.02109504505482568 0.042190090073954085
0.02067314415384266 0.04134628827257012
0.020259681270835644 0.04051936250713817
0.01985448764535198 0.03970897525689844
0.019457397892401276 0.03891479575172462
0.0190682499345707 0.03813649983664555
0.018686884935886553 0.03737376983993209
0.018313147237130976 0.036626294443148535
0.01794688429239562 0.03589376855433266
0.01758794660650841 0.03517589318328583
0.017236187674352036 0.03447237531962792
0.016891463920837336 0.0337829278131806
0.01655363464240457 0.033107269256897144
0.016222561949616132 0.032445123871756826
0.015898110710622346 0.03179622139427857
0.015580148496373509 0.03116029696636297
0.015268545526414014 0.030537091027026057
0.014963174615913373 0.02992634920653409
0.014663911123570357 0.029327822222357375
0.014370632901117857 0.028741265777961694
0.014083220243118772 0.02816644046240008
0.013801555838289856 0.027603111653178806
0.013525524721516772 0.027051049420105576
0.013255014227069692 0.026510028431720734
0.012989913942510098 0.02597982786311086
0.01273011566365261 0.025460231305868823
0.01247551335036354 0.02495102667972724
0.012226003083341708 0.02445200614612013
0.011981483021663221 0.02396296602319972
0.011741853361235767 0.023483706702744987
0.011507016294016861 0.023014032568707356
0.011276875968105227 0.022553751917393405
0.011051338448741656 0.022102676879066443
0.01083031167974644 0.02166062334151257
0.010613705446120942 0.02122741087469813
0.010401431337194874 0.020802862657209792
0.01019340271046479 0.020386805404077044
0.009989534656232929 0.019979069296013497
0.009789743963119173 0.019579487910077024
0.009593949083864056 0.019187898151876017
0.009402070102186764 0.018804140188848854
0.009214028700134288 0.01842805738507132
0.00902974812612177 0.018059496237373702
0.008849153163591321 0.01769830631264022
0.00867217010032567 0.017344340186399954
0.008498726698307504 0.01699745338267285
0.008328752164342798 0.016657504315016287
0.008162177121047928 0.016324354228717586
0.007998933578618956 0.0159978671441143
0.007838954907055662 0.015677909801224178
0.0076821758089130835 0.015364351605193678
0.00752853229274427 0.01505706457309252
0.0073779616468886465 0.014755923281635932
0.007230402413951591 0.014460804816016479
0.007085794365666 0.014171588719681766
0.006944078478354126 0.013888156945276295
0.006805196908780484 0.013610393806383672
0.006669092970605047 0.013338185930251075
0.006535711111191117 0.013071422211641493
0.006404996888968012 0.012809993767413562
0.006276896951193916 0.01255379389206546
0.006151359012173483 0.012302718014224685
0.006028331831930185 0.012056663653938177
0.005907765195287933 0.011815530380862856
0.0057896098913801635 0.011579219773247405
0.0056738176935590984 0.011347635377768985
0.005560341339686996 0.01112068267020668
0.0054491345128912455 0.010898269016797076
0.005340151822637776 0.010680303636462942
0.005233348786186465 0.010466697563733125
0.005128681810464908 0.01025736361245372
0.005026108174251416 0.010052216340208635
0.004925586010767286 0.009851172013404085
0.004827074290555568 0.009654148573135263
0.004730532804746356 0.009461065601671453
0.004635922148654057 0.00927184428963692
0.004543203705679328 0.009086407403842077
0.004452339631565732 0.00890467925576495
0.004363292838938318 0.008726585670651092
0.004276026982160542 0.00855205395724106
0.004190506442518594 0.008381012878093588
0.004106696313669485 0.008213392620531794
0.004024562387398359 0.008049124768121418
0.003944071139648653 0.007888142272767526
0.0038651897168569434 0.007730379427311435
0.0037878859225197034 0.0075757718387688315
0.003712128204069299 0.007424256401995352
0.003637885639990995 0.007275771273956978
0.003565127927194621 0.007130255848477917
0.0034938253686499906 0.00698765073150689
0.0034239488612769807 0.006847897716876831
0.0033554698840516125 0.006710939762539781
0.003288360486371343 0.006576720967288382
0.003222593276643178 0.006445186547943465
0.0031581414111105316 0.006316282816982764
0.003094978582886992 0.006189957160644824
0.0030330790112288327 0.006066158017433097
0.0029724174310030633 0.0059448348570838765
0.0029129690823828554 0.005825938159943505
0.0028547097007362338 0.005709419396745759
0.002797615506719407 0.00559523100881215
0.0027416631965838266 0.005483326388636485
0.0026868299326515033 0.0053736598608627876
0.002633093333999509 0.0052661866636452
0.002580431467319554 0.0051608629303716924
0.002528822837973107 0.005057645671765201
0.0024782463812124977 0.004956492758328111
0.0024286814535884648 0.0048573629031619
0.0023801078245157302 0.0047602156450982855
0.0023325056680261556 0.004665011332195306
0.0022858555546662815 0.004571711105550592
0.0022401384435733547 0.004480276883439772
0.0021953356747014224 0.004390671345770941
0.002151428961207725 0.004302857918855168
0.002108400381983469 0.00421680076047828
0.002066232374343767 0.004132464745269361
0.0020249077268562673 0.004049815450362574
0.0019844095723198594 0.0039688191413556955
0.0019447213808741113 0.003889442758529001
0.001905826953256505 0.00381165390335859
0.0018677104141904097 0.0037354208252923377
0.0018303562059072051 0.0036607124087861824
0.0017937490817889143 0.003587498160609855
0.0017578741001529439 0.003515748197398168
0.0017227166181493746 0.0034454332334501463
0.001688262285786718 0.003376524568781108
0.0016544970400707913 0.003308994077406098
0.0016214070992692175 0.0032428141958580885
0.001588978957283925 0.0031779579119409367
0.001557199378138475 0.0031143987537023327
0.0015260553905756611 0.0030521107786278642
0.0014955342827636829 0.002991068563055067
0.001465623597108615 0.0029312471917943847
0.0014363111251663528 0.0028726222479587456
0.0014075849026625607 0.002815169803000047
0.0013794332046098221 0.0027588664069400446
0.0013518445405174449 0.002703689078801333
0.0013248076497075633 0.002649615297225339
0.0012983114967136632 0.00259662299128074
0.0012723452667797207 0.002544690531454919
0.0012468983614440366 0.002493796720825615
0.0012219603942151568 0.0024439207864093513
0.0011975211863307865 0.002395042370681254
0.00117357076260424 0.002347141523267667
0.001150099347352179 0.0023001986928021987
0.001127097360405057 0.0022541947189460396
0.0011045554131971446 0.002209110824567163
0.0010824643049330096 0.002164928608075841
0.00106081501883443 0.002121630035913925
0.0010395987184577936 0.002079197435195611
0.0010188067440885195 0.0020376134864911687
0.0009984306092068183 0.001996861216761304
0.000978461997022518 0.001956923992425957
0.0009588927570820801 0.001917785512577482
0.0009397149019404169 0.0018794298023259877
0.0009209206039017745 0.0018418412062793984
0.0009025021918239958 0.001805004382153684
0.0008844521479875852 0.0017689042945107055
0.0008667631050278687 0.0017335262086205468
0.0008494278429272669 0.0016988556844480492
0.0008324392860688165 0.0016648785707590015
0.0008157905003473872 0.0016315809993438543
0.0007994746903404433 0.0015989493793569672
0.0007834851965335161 0.001566970391769545
0.0007678154926028043 0.0015356309839341272
0.0007524591827507806 0.001504918364255375
0.0007374099990958002 0.0014748199969702833
0.0007226617991138625 0.0014453235970308506
0.0007082085631316744 0.0014164171250902065
0.000694044391869025 0.0013880887825882134
0.0006801635040317507 0.0013603270069364023
0.0006665602339511708 0.0013331204667976957
0.0006532290292721229 0.0013064580574617688
0.0006401644486867582 0.0012803288963124978
0.0006273611597131009 0.0012547223183863572
0.0006148139365189395 0.00122962787201864
0.0006025176577885646 0.0012050353145782828
0.0005904673046328499 0.0011809346082867485
0.0005786579585401883 0.0011573159161210361
0.0005670847993694226 0.0011341695977986183
0.0005557431033820679 0.0011114862058426672
0.0005446282413144674 0.0010892564817259404
0.000533735676488246 0.001067471352091403
0.0005230609629584935 0.0010461219250495906
0.0005125997436992523 0.0010251994865485875
0.0005023477488253124 0.0010046954968176186
0.0004923007938488243 0.0009846015868812692
0.00048245477797186455 0.0009649095551436211
0.00047280568241239707 0.0009456113640407444
0.0004633495687641275 0.0009266991367599793
0.000454082577388829 0.00090816515402473
0.00044500092584106915 0.0008900018509442028
0.00043610090732420056 0.0008722018139253159
0.0004273788891777219 0.0008547577776468181
0.0004188313113941622 0.0008376626220938383
0.0004104546851663049 0.0008209093696519794
0.00040224559146297633 0.0008044911822589647
0.0003942006796337172 0.0007884013586138047
0.0003863166660410233 0.0007726333314415265
0.0003785903327201912 0.0007571806648126874
0.0003710185260657728 0.0007420370515164273
0.0003635981555444279 0.0007271963104861009
0.0003563261924335326 0.0007126523842763895
0.00034919966858487086 0.000698399336590861
0.0003422156752131589 0.00068443134985909
0.00033537136170890604 0.0006707427228619175
0.00032866393447472333 0.000657327868404672
0.00032209065578522216 0.000644181311036612
0.00031564884266950814 0.0006312976848158777
0.0003093358658161283 0.000618671731119563
0.0003031491484997962 0.0006062982964972016
0.00029708616552980634 0.0005941723305672405
0.0002911444422192145 0.0005822888839558978
0.0002853215533748366 0.0005706431062767698
0.0002796151223073385 0.0005592302441512238
0.00027402281986120276 0.0005480456392682072
0.0002685423634639695 0.0005370847264828534
0.00026317151619467916 0.00052634303195319
0.0002579080858707895 0.0005158161713141326
0.0002527499241533716 0.0005054998478878411
0.0002476949256702999 0.0004953898509300821
0.00024274102715690426 0.0004854820539114975
0.00023788620661376335 0.0004757724128332626
0.00023312848248148064 0.000466256964576602
0.00022846591283185567 0.0004569318252850792
0.00022389659457522034 0.00044779318877937585
0.0002194186626837092 0.00043883732500377874
0.00021503028943003718 0.0004300605785037
0.0002107296836414297 0.000421459366933626
0.00020651508996859865 0.000413030179594945
0.0002023847881692221 0.00040476957600304856
0.0001983370924058304 0.0003966741844829798
0.00019437035055771664 0.00038874070079331595
0.00019048294354656056 0.00038096588677744307
0.00018667328467563256 0.0003733465690418932
0.00018293981898212527 0.0003658796376610514
0.00017928102260248777 0.0003585620449078249
0.0001756954021504343 0.0003513908040096688
0.00017218149410742298 0.00034436298792947257
0.00016873786422526692 0.0003374757281708803
0.0001653631069407625 0.000330726213607467
0.0001620558448019439 0.0003241116893353187
0.00015881472790591056 0.0003176294555486077
0.00015563843334779237 0.00031127686643763825
0.00015252566468083496 0.0003050513291088926
0.0001494751513872229 0.00029895030252671335
0.0001464856483594813 0.0002929712964761773
0.00014355593539229562 0.0002871118705466554
0.0001406848166844522 0.0002813696331357248
0.00013787112035076223 0.00027574224047301215
0.00013511369794375075 0.00027022739566355
0.0001324114239848763 0.0002648228477502775
0.00012976319550517826 0.00025952639079527347
0.00012716793159507704 0.0002543358629793698
0.00012462457296317578 0.0002492491457197772
0.000122132081503913 0.0002442641628053817
0.0001196894398738392 0.00023937887954927532
0.00011729565107636244 0.00023459130195829195
0.0001149497380548338 0.00022989947591912487
0.00011265074329373307 0.00022530148640074256
0.00011039772842785693 0.0002207954566727295
0.00010818977385930088 0.0002163795475392767
0.00010602597838211506 0.00021205195658849108
0.00010390545881447403 0.00020781091745672176
0.00010182734963818512 0.00020365469910758782
9.979080264542211e-05 0.00019958160512543687
9.779498659251334e-05 0.0001955899730229278
9.583908686066195e-05 0.0001916781735624691
9.392230512344962e-05 0.00018784461009121968
9.204385902098172e-05 0.00018408771788939473
9.020298184056268e-05 0.00018040596353160755
8.839892220375084e-05 0.0001767978442609748
8.663094375967478e-05 0.00017326188737575588
8.489832488448051e-05 0.0001697966496282406
8.320035838679145e-05 0.0001664007166356758
8.153635121905494e-05 0.0001630727023029628
7.990562419467289e-05 0.0001598112482569032
7.830751171077914e-05 0.0001566150232917647
7.674136147656346e-05 0.00015348272282592903
7.52065342470311e-05 0.00015041306836941005
7.370240356209162e-05 0.00014740480700202243
7.222835549084999e-05 0.00014445671086198167
7.078378838103266e-05 0.00014156757664474286
6.936811261341285e-05 0.00013873622511184803
6.79807503611442e-05 0.00013596150060961112
6.66211353539216e-05 0.00013324227059741968
6.528871264684394e-05 0.00013057742518547146
6.398293839390739e-05 0.0001279658766817622
6.270327962602978e-05 0.00012540655914812748
6.144921403351006e-05 0.00012289842796516415
6.022022975283997e-05 0.00012044045940586123
5.901582515778231e-05 0.00011803165021774431
5.7835508654625775e-05 0.00011567101721338967
5.667879848153328e-05 0.00011335759686912093
5.554522251190258e-05 0.00011109044493173801
5.4434318061664816e-05 0.00010886863603310325
5.334563170043177e-05 0.00010669126331244127
5.2278719066423284e-05 0.00010455743804619287
5.1233144685094596e-05 0.00010246628928526857
5.020848179139242e-05 0.00010041696349956397
4.920431215556425e-05 9.840862422957296e-05
4.822022591245272e-05 9.644045174498194e-05
4.7255821394203306e-05 9.451164271008237e-05
4.6310704966318776e-05 9.262140985588094e-05
4.538449086699219e-05 9.076898165876321e-05
4.447680104965228e-05 8.895360202558775e-05
4.3587265028659664e-05 8.717452998507632e-05
4.271551972808667e-05 8.543103938537474e-05
4.1861209333524816e-05 8.372241859766712e-05
4.102398514685428e-05 8.204797022571383e-05
4.02035054439172e-05 8.040701082119968e-05
3.9399435335039244e-05 7.879887060477604e-05
3.8611446628338974e-05 7.722289319268057e-05
3.7839217695772184e-05 7.567843532882652e-05
3.708243334185694e-05 7.416486662225004e-05
3.634078467501981e-05 7.268156928980481e-05
3.5613968981519506e-05 7.122793790400879e-05
3.490168960188903e-05 6.980337914592856e-05
3.4203655809851165e-05 6.840731156300967e-05
3.3519582693654214e-05 6.703916533174959e-05
3.284919103978115e-05 6.56983820251148e-05
3.21922072189855e-05 6.438441438461261e-05
3.1548363074605656e-05 6.30967260969204e-05
3.091739581311357e-05 6.183479157498178e-05
3.0299047896851374e-05 6.0598095743482124e-05
2.969306693891436e-05 5.938613382861257e-05
2.909920560013616e-05 5.819841115204038e-05
2.8517221488133384e-05 5.703444292899961e-05
2.7946877058370604e-05 5.589375407041968e-05
2.738793951720318e-05 5.4775878989011036e-05
2.68401807268591e-05 5.3680361409230763e-05
2.6303377112321956e-05 5.2606754181046035e-05
2.577730957007558e-05 5.155461909742522e-05
2.5261763378674066e-05 5.0523526715476794e-05
2.475652811110064e-05 4.951305618116732e-05
2.4261397548878552e-05 4.8522795057544026e-05
2.3776169597900947e-05 4.755233915639317e-05
2.330064620594292e-05 4.6601292373265094e-05
2.283463328182412e-05 4.566926652579966e-05
2.2377940616187678e-05 4.475588119528367e-05
2.1930381803863954e-05 4.386076357137799e-05
2.1491774167786702e-05 4.29835482999504e-05
2.1061938684430885e-05 4.2123877333951395e-05
2.0640699910742254e-05 4.1281399787272325e-05
2.0227885912527397e-05 4.0455771791526926e-05
1.9823328194276826e-05 3.964665635569636e-05
1.9426861630391374e-05 3.885372322858244e-05
1.9038324397783612e-05 3.8076648764010707e-05
1.8657557909827902e-05 3.731511578873045e-05
1.8284406751631346e-05 3.6568813472955805e-05
1.791871861659876e-05 3.5837437203496675e-05
1.756034424426678e-05 3.512068845942676e-05
1.7209137359381414e-05 3.441827469023834e-05
1.6864954612193784e-05 3.372990919643352e-05
1.652765551994992e-05 3.305531101250479e-05
1.6197102409550855e-05 3.23942047922547e-05
1.5873160361359813e-05 3.174632069640962e-05
1.555569715413256e-05 3.111139428248143e-05
1.524458321104989e-05 3.0489166396831788e-05
1.4939691546828891e-05 2.987938306889515e-05
1.4640897715892315e-05 2.928179540751723e-05
1.4348079761574496e-05 2.8696159499366894e-05
1.4061118166343031e-05 2.8122236309379558e-05
1.3779895803016151e-05 2.7559791583191954e-05
1.350429788695581e-05 2.700859575152813e-05
1.3234211929216696e-05 2.64684238364976e-05
1.296952769063237e-05 2.5939055359767657e-05
1.2710137136819723e-05 2.5420274252572296e-05
1.245593439408332e-05 2.491186876752082e-05
1.2206815706201667e-05 2.4413631392170377e-05
1.1962679392077644e-05 2.392535876432697e-05
1.1723425804236117e-05 2.3446851589040406e-05
1.1488957288151405e-05 2.2977914557259595e-05
1.1259178142388365e-05 2.2518356266114425e-05
1.1033994579540613e-05 2.2067989140792132e-05
1.0813314687949797e-05 2.1626629357976317e-05
1.0597048394190809e-05 2.11940967708168e-05
1.0385107426306994e-05 2.0770214835400486e-05
1.0177405277780881e-05 2.0354810538692464e-05
9.973857172225278e-06 1.9947714327918625e-05
9.774380028780768e-06 1.9548760041360245e-05
9.57889242820517e-06 1.9157784840533028e-05
9.387314579641076e-06 1.877462914372236e-05
9.199568288048246e-06 1.839913656084791e-05
9.015576922287281e-06 1.8031153829630946e-05
8.83526538384154e-06 1.7670530753038336e-05
8.658560076164716e-06 1.7317120137977542e-05
8.485388874641414e-06 1.6970777735217968e-05
8.3156810971486e-06 1.6631362180513608e-05
8.149367475205633e-06 1.629873493690334e-05
7.986380125701523e-06 1.597276023816527e-05
7.826652523187492e-06 1.5653305033401963e-05
7.67011947272373e-06 1.5340238932733918e-05
7.516717083269254e-06 1.5033434154079242e-05
7.3663827416038645e-06 1.4732765470997658e-05
7.219055086771784e-06 1.4438110161577695e-05
7.07467398503636e-06 1.414934795834615e-05
6.933180505335633e-06 1.3866360999179232e-05
6.7945168952289106e-06 1.3589033779195654e-05
6.658626557324331e-06 1.3317253103611733e-05
6.525454026177844e-06 1.3050908041539503e-05
6.394944945654292e-06 1.2789889880708718e-05
6.2670460467412096e-06 1.2534092083094546e-05
6.141705125806381e-06 1.2283410241432658e-05
6.018871023290258e-06 1.2037742036604e-05
5.898493602824451e-06 1.179698719587192e-05
5.780523730767957e-06 1.156104745195448e-05
5.664913256152599e-06 1.1329826502915391e-05
5.5516149910295515e-06 1.110322997285708e-05
5.440582691208964e-06 1.0881165373399942e-05
5.331771037384786e-06 1.0663542065931947e-05
5.225135616637088e-06 1.0450271224613312e-05
5.120632904304339e-06 1.0241265800121043e-05
5.018220246218259e-06 1.0036440484118617e-05
4.9178558412938935e-06 9.835711674436247e-06
4.819498724468009e-06 9.638997440947516e-06
4.7231087499786475e-06 9.446217492128566e-06
4.628646574979077e-06 9.257293142285993e-06
4.5360736434794984e-06 9.07214727944027e-06
4.445352170609906e-06 8.890704333851464e-06
4.3564451271977104e-06 8.712890247174436e-06
4.269316224653756e-06 8.538632442230946e-06
4.183929900160684e-06 8.367859793386327e-06
4.100251302157468e-06 8.200502597518602e-06
4.018246276114315e-06 8.03649254556823e-06
3.937881350592031e-06 7.875762694656866e-06
3.859123723580191e-06 7.718247440763728e-06
3.781941249108588e-06 7.563882491948454e-06
3.7063024241264157e-06 7.412604842109486e-06
3.6321763756438845e-06 7.2643527452672985e-06
3.5595328481310073e-06 7.119065690361952e-06
3.4883421911683863e-06 6.976684376554714e-06
3.4185753473450213e-06 6.83715068902362e-06
3.350203840398119e-06 6.7004076752431495e-06
3.2831997635901578e-06 6.566399521738288e-06
3.217535768318356e-06 6.435071531303521e-06
3.1531850529519877e-06 6.306370100677451e-06
3.0901213518929475e-06 6.180242698663903e-06
3.0283189248550894e-06 6.056637844690622e-06
2.967752546357989e-06 5.935505087796811e-06
2.908397495430829e-06 5.8167949860408754e-06
2.8502295455222125e-06 5.700459086320059e-06
2.793224954611768e-06 5.58644990459366e-06
2.7373604555195332e-06 5.474720906501787e-06
2.68261324640914e-06 5.365226488371753e-06
2.628960981480956e-06 5.257921958604319e-06
2.576381761851336e-06 5.152763519432233e-06
2.52485412661431e-06 5.049708249043587e-06
2.4743570440820233e-06 4.9487140840627164e-06
2.4248699032003822e-06 4.8497398023814635e-06
2.3763725051363726e-06 4.752745006333836e-06
2.3288450550336447e-06 4.657690106207159e-06
2.2822681539329726e-06 4.564536304083016e-06
2.2366227908543134e-06 4.473245578001355e-06
2.1918903350372266e-06 4.383780666441328e-06
2.148052528336482e-06 4.296105053112502e-06
2.1050914777697533e-06 4.21018295205025e-06
2.062989648214359e-06 4.1259792930092455e-06
2.0217298552500725e-06 4.04345970714906e-06
1.981295258145071e-06 3.962590513006079e-06
1.9416693529821688e-06 3.883338702745955e-06
1.9028359659225247e-06 3.8056719286910362e-06
1.864779246604075e-06 3.7295584901172156e-06
1.8274836616719938e-06 3.654967320314871e-06
1.7909339884385538e-06 3.581867973908573e-06
1.7551153086697826e-06 3.5102306144304018e-06
1.7200130024963871e-06 3.4400260021417935e-06
1.6856127424464601e-06 3.3712254820989575e-06
1.651900487597531e-06 3.3038009724569783e-06
1.6188624778455799e-06 3.237724953007839e-06
1.5864852282886686e-06 3.1729704539476823e-06
1.5547555237228954e-06 3.1095110448687287e-06
1.5236604132484381e-06 3.0473208239713544e-06
1.493187204983469e-06 2.9863744074919274e-06
1.4633234608837993e-06 2.9266469193420888e-06
1.4340569916661231e-06 2.868113980955247e-06
1.4053758518328006e-06 2.8107517013361423e-06
1.3772683347961443e-06 2.7545366673094196e-06
1.349722968100222e-06 2.699445933963231e-06
1.3227285087382175e-06 2.6454570152839665e-06
1.296273938563453e-06 2.592547874978287e-06
1.270348459792184e-06 2.5406969174787212e-06
1.2449414905963403e-06 2.4898829791291465e-06
1.2200426607844132e-06 2.440085319546564e-06
1.1956418075687246e-06 2.391283613155633e-06
1.1717289714173504e-06 2.3434579408925203e-06
1.1482943919890035e-06 2.2965887820746697e-06
1.1253285041492234e-06 2.2506570064331765e-06
1.102821934066239e-06 2.205643866304513e-06
1.080765495384914e-06 2.161530988978423e-06
1.0591501854772156e-06 2.1183003691988546e-06
1.0379671817676712e-06 2.0759343618148774e-06
1.0172078381323178e-06 2.03441567457858e-06
9.968636813696714e-07 1.9937273610870086e-06
9.76926407742278e-07 1.9538528138652686e-06
9.573878795874323e-07 1.914775757587963e-06
9.382401219956838e-07 1.8764802424362038e-06
9.194753195557703e-07 1.8389506375874799e-06
9.01085813164655e-07 1.8021716248357302e-06
8.830640969013617e-07 1.7661281923390155e-06
8.654028149633343e-07 1.7308056284922353e-06
8.480947586640676e-07 1.6961895159223906e-06
8.311328634907863e-07 1.662265725603943e-06
8.145102062209705e-07 1.6290204110918641e-06
7.982200020965511e-07 1.5964400028700268e-06
7.822556020546201e-07 1.5645112028126262e-06
7.666104900135276e-07 1.5332209787563738e-06
7.512782802132568e-07 1.5025565591812463e-06
7.362527146089916e-07 1.4725054279976212e-06
7.215276603168118e-07 1.4430553194376687e-06
7.070971071104754e-07 1.4141942130489153e-06
6.92955164968266e-07 1.3859103287879369e-06
6.790960616689007e-07 1.3581921222121781e-06
6.655141404355228e-07 1.3310282797679345e-06
6.522038576268124e-07 1.3044077141725757e-06
6.391597804742763e-07 1.2783195598891241e-06
6.263765848647908e-07 1.2527531686913416e-06
6.138490531674948e-07 1.2276981053175147e-06
6.01572072104145e-07 1.2031441432111644e-06
5.895406306620621e-07 1.1790812603469412e-06
5.777498180488208e-07 1.1554996351400023e-06
5.661948216878444e-07 1.1323896424372023e-06
5.548709252540874e-07 1.1097418495884582e-06
5.437735067490056e-07 1.087547012596689e-06
5.328980366140256e-07 1.0657960723447553e-06
5.222400758817452e-07 1.0444801508978601e-06
5.117952743641103e-07 1.0235905478799028e-06
5.015593688768281e-07 1.0031187369223047e-06
4.915281814992915e-07 9.830563621838587e-07
4.816976178693057e-07 9.633952349401816e-07
4.7206366551191957e-07 9.441273302413779e-07
4.6262239220168124e-07 9.252447836365504e-07
4.5336994435764764e-07 9.067398879638194e-07
4.443025454704947e-07 8.886050902045431e-07
4.3541649456108485e-07 8.708329884004522e-07
4.267081646698631e-07 8.534163286324431e-07
4.181740013764658e-07 8.363480020597942e-07
4.098105213489365e-07 8.196210420185982e-07
4.016143109219578e-07 8.032286211782263e-07
3.9358202470351866e-07 7.871640487546618e-07
3.857103842094483e-07 7.714207677795685e-07
3.7799617652525934e-07 7.559923524239771e-07
3.7043625299475415e-07 7.408725053754976e-07
3.6302752793485906e-07 7.260550552679877e-07
3.5576697737616183e-07 7.115339541626279e-07
3.4865163782863857e-07 6.973032750793754e-07
3.416786050720658e-07 6.833572095777878e-07
3.348450329706245e-07 6.696900653862321e-07
3.28148132311212e-07 6.562962640785074e-07
3.215851696649878e-07 6.431703387969373e-07
3.1515346627168803e-07 6.303069320209986e-07
3.0885039694625425e-07 6.177007933805786e-07
3.0267338900732917e-07 6.053467775129671e-07
2.966199212271826e-07 5.932398419627078e-07
2.9068752280263897e-07 5.813750451234536e-07
2.848737723465862e-07 5.697475442209846e-07
2.791762968996545e-07 5.583525933365648e-07
2.735927709616614e-07 5.471855414698335e-07
2.681209155424282e-07 5.362418306404368e-07
2.627584972315796e-07 5.255169940276281e-07
2.57503327286948e-07 5.150066541470756e-07
2.52353260741209e-07 5.04706521064134e-07
2.4730619552638484e-07 4.946123906428514e-07
2.423600716158571e-07 4.847201428299944e-07
2.3751287018354e-07 4.750257399733945e-07
2.327626127798692e-07 4.6552522517392657e-07
2.2810736052427179e-07 4.562147206704481e-07
2.2354521331378636e-07 4.470904262570391e-07
2.190743090475106e-07 4.381486177318983e-07
2.146928228665604e-07 4.2938564537726036e-07
2.103989664092292e-07 4.2079793246971516e-07
2.0619098708104462e-07 4.1238197382032086e-07
2.0206716733942373e-07 4.0413433434391444e-07
1.9802582399263526e-07 3.9605164765703615e-07
1.9406530751278254e-07 3.881306147038954e-07
1.9018400136252688e-07 3.8036800240981753e-07
1.8638032133527634e-07 3.727606423616212e-07
1.8265271490857083e-07 3.653054295143888e-07
1.789996606103994e-07 3.57999320924101e-07
1.754196673981914e-07 3.50839334505619e-07
1.7191127405022757e-07 3.4382254781550664e-07
1.6847304856922302e-07 3.369460968591965e-07
1.6510358759783856e-07 3.302071749220126e-07
1.618015158458818e-07 3.236030314235723e-07
1.5856548552896416e-07 3.171309707951009e-07
1.5539417581838488e-07 3.1078835137919886e-07
1.5228629230201719e-07 3.045725843516149e-07
1.4924056645597683e-07 2.984811326645826e-07
1.462557551268573e-07 2.92511510011291e-07
1.4333064002432016e-07 2.8666127981106516e-07
1.4046402722383375e-07 2.8092805421484387e-07
1.376547466793571e-07 2.75309493130547e-07
1.3490165174576995e-07 2.6980330326793607e-07
1.3220361871085456e-07 2.6440723720257736e-07
1.2955954633663747e-07 2.591190924585258e-07
1.2696835540990473e-07 2.5393671060935533e-07
1.2442898830170664e-07 2.488579763971682e-07
1.2194040853567252e-07 2.4388081686922487e-07
1.1950160036495906e-07 2.3900320053184036e-07
1.1711156835765988e-07 2.3422313652120355e-07
1.1476933699050668e-07 2.2953867379077948e-07
1.1247395025069655e-07 2.249479003149639e-07
1.1022447124568262e-07 2.2044894230866462e-07
1.0801998182076896e-07 2.1603996346249134e-07
1.0585958218435359e-07 2.1171916419324152e-07
1.0374239054066652e-07 2.074847809093767e-07
1.0166754272985319e-07 2.0333508529118915e-07
9.963419187525613e-08 1.9926838358536538e-07
9.764150803775101e-08 1.9528301591365806e-07
9.5688677876996e-08 1.913773555953849e-07
9.377490431945608e-08 1.8754980848347722e-07
9.189940623306696e-08 1.8379881231380768e-07
9.006141810840563e-08 1.8012283606753152e-07
8.826018974623752e-08 1.7652037934618088e-07
8.649498595131277e-08 1.7298997175925727e-07
8.476508623228652e-08 1.6953017232407213e-07
8.306978450764078e-08 1.661395688775907e-07
8.140838881748796e-08 1.6281677750003887e-07
7.97802210411382e-08 1.595604419500381e-07
7.818461662031544e-08 1.5636923311103735e-07
7.662092428790913e-08 1.532418484488166e-07
7.508850580215094e-08 1.5017701147984027e-07
7.358673568610792e-08 1.4717347125024347e-07
7.211500097238577e-08 1.442300018252386e-07
7.067270095293806e-08 1.413454017887338e-07
6.925924693387929e-08 1.3851849375295912e-07
6.787406199520171e-08 1.3574812387789994e-07
6.651658075529768e-08 1.3303316140034194e-07
6.518624914019172e-08 1.303724981723351e-07
6.388252415738789e-08 1.277650482088884e-07
6.260487367424013e-08 1.2520974724471063e-07
6.135277620075533e-08 1.2270555229981642e-07
6.012572067674022e-08 1.202514412538201e-07
5.892320626320542e-08 1.1784641242874368e-07
5.774474213794131e-08 1.1548948418016881e-07
5.6589847295182485e-08 1.1317969449656543e-07
5.5458050349278836e-08 1.1091610060663412e-07
5.434888934229326e-08 1.0869777859450144e-07
5.326191155544739e-08 1.0652382302261141e-07
5.2196673324338444e-08 1.0439334656215918e-07
5.1152739857851677e-08 1.02305479630916e-07
5.0129685060694644e-08 1.0025937003829768e-07
4.912709135948075e-08 9.825418263753173e-08
4.814454953229113e-08 9.62890989847811e-08
4.7181658541645305e-08 9.436331700508549e-08
4.62380253708124e-08 9.247605066498378e-08
4.5313264863396156e-08 9.06265296516841e-08
4.440699956612823e-08 8.881399905865041e-08
4.351885957480567e-08 8.70377190774774e-08
4.2648482383309554e-08 8.529696469592786e-08
4.1795512735643366e-08 8.35910254020093e-08
4.09596024809305e-08 8.191920489396911e-08
4.014041043131189e-08 8.028082079608974e-08
3.9337602222685653e-08 7.867520438016794e-08
3.855085017823194e-08 7.710170029256458e-08
3.77798331746673e-08 7.555966628671328e-08
3.702423651117395e-08 7.404847296097902e-08
3.6283751780950473e-08 7.256750350175944e-08
3.5558076745331466e-08 7.111615343172425e-08
3.484691521042484e-08 6.969383036308976e-08
3.414997690621634e-08 6.829995375582796e-08
3.346697736809201e-08 6.69339546807114e-08
3.279763782073017e-08 6.559527558709717e-08
3.214168506431557e-08 6.428337007535523e-08
3.149885136302926e-08 6.299770267384812e-08
3.0868874335768674e-08 6.173774862037116e-08
3.02514968490533e-08 6.050299364796374e-08
2.9646466912072236e-08 5.9292933775004464e-08
2.905353757383079e-08 5.8107075099504374e-08
2.8472466822354174e-08 5.6944933597514286e-08
2.790301748590709e-08 5.5806034925564e-08
2.734495713618895e-08 5.468991422705272e-08
2.679805799346517e-08 5.3596115942511665e-08
2.6262096833595866e-08 5.252419362366143e-08
2.573685489692395e-08 5.14737097511882e-08
2.522211779898547e-08 5.044423555616444e-08
2.471767544300576e-08 4.943535084504115e-08
2.4223321934145645e-08 4.8446643828140326e-08
2.3738855495462733e-08 4.747771095157752e-08
2.3264078385553477e-08 4.652815673254597e-08
2.2798796817842408e-08 4.559759359789505e-08
2.2342820881485558e-08 4.468564172593715e-08
2.1895964463855847e-08 4.37919288914184e-08
2.145804517457873e-08 4.2916090313590034e-08
2.1028884271087153e-08 4.205776850731823e-08
2.060830658566541e-08 4.121661313717187e-08
2.01961404539521e-08 4.039228087442843e-08
1.979221764487306e-08 3.958443525693986e-08
1.93963732919756e-08 3.879274655180106e-08
1.9008445826136085e-08 3.801689162076504e-08
1.8628276909613364e-08 3.725655378834974e-08
1.8255711371421097e-08 3.651142271258274e-08
1.7890597143992675e-08 3.578119425833109e-08
1.7532785201112823e-08 3.506557037316447e-08
1.7182129497090565e-08 3.4364258965701177e-08
1.6838486907148753e-08 3.3676973786387154e-08
1.6501717169005778e-08 3.300343431065941e-08
1.617168282562566e-08 3.234336562444622e-08
1.5848249169113146e-08 3.16964983119573e-08
1.5531284185730883e-08 3.106256834571815e-08
1.5220658502016266e-08 3.044131697880379e-08
1.491624533197594e-08 2.983249063922771e-08
1.4617920425336421e-08 2.9235840826443154e-08
1.4325562016829692e-08 2.8651124009914292e-08
1.4039050776493099e-08 2.8078101529716006e-08
1.3758269760963237e-08 2.7516539499121688e-08
1.3483104365743973e-08 2.6966208709139254e-08
1.3213442278429094e-08 2.6426884534956468e-08
1.2949173432860512e-08 2.589834684425734e-08
1.2690189964203302e-08 2.538037990737219e-08
1.2436386164919236e-08 2.4872772309224747e-08
1.2187658441620851e-08 2.4375316863040252e-08
1.1943905272788435e-08 2.3887810525779447e-08
1.1705027167332666e-08 2.341005431526386e-08
1.1470926623986013e-08 2.294185322895858e-08
1.1241508091506292e-08 2.248301616437941e-08
1.1016677929676167e-08 2.2033355841091822e-08
1.0796344371082643e-08 2.1592688724269984e-08
1.058041748366099e-08 2.1160834949784585e-08
1.036880913398777e-08 2.0737618250788894e-08
1.0161432951308015e-08 2.0322865885773117e-08
9.958204292281855e-09 1.9916408568057655e-08
9.759040206436217e-09 1.95180803966965e-08
9.563859402307493e-09 1.912771878876257e-08
9.372582214261343e-09 1.8745164412987318e-08
9.185130569976116e-09 1.8370261124727572e-08
9.001427958576593e-09 1.800285590223302e-08
8.821399399405062e-09 1.764279878418836e-08
8.64497141141696e-09 1.7289942808504594e-08
8.47207198318862e-09 1.6944143952334504e-08
8.302630543524849e-09 1.6605261073287814e-08
8.136577932654352e-09 1.6273155851822058e-08
7.973846374001265e-09 1.5947692734785616e-08
7.81436944652124e-09 1.5628738880089903e-08
7.658082057590815e-09 1.5316164102488104e-08
7.504920416438998e-09 1.500984082043834e-08
7.354822008110218e-09 1.4709644004029575e-08
7.207725567948014e-09 1.4415451123948983e-08
7.063571056589054e-09 1.4127142101470003e-08
6.9222996354572726e-09 1.3844599259440602e-08
6.783853642748127e-09 1.356770727425179e-08
6.6481765698931646e-09 1.3296353128766755e-08
6.5152130384953016e-09 1.303042606619142e-08
6.3849087777253956e-09 1.2769817544867591e-08
6.257210602170888e-09 1.251442119397024e-08
6.13206639012747e-09 1.2264132770090834e-08
6.009425062324921e-09 1.2018850114689017e-08
5.8892365610784225e-09 1.1778473112395237e-08
5.771451829856854e-09 1.1542903650147332e-08
5.656022793259717e-09 1.1312045577144385e-08
5.5429023373945226e-09 1.1085804665601497e-08
5.432044290646632e-09 1.0864088572289467e-08
5.3234034048337e-09 1.0646806800843677e-08
5.2169353367370255e-09 1.0433870664826802e-08
5.112596630002285e-09 1.0225193251530266e-08
5.010344697402239e-09 1.002068938649966e-08
4.9101378034541944e-09 9.820275598769668e-09
4.81193504738511e-09 9.623870086794274e-09
4.715696346437408e-09 9.431392685058388e-09
4.62138241950866e-09 9.242764831357221e-09
4.528954771118487e-09 9.057909534730076e-09
4.438375675696117e-09 8.876751344035475e-09
4.349608162182195e-09 8.699216317154767e-09
4.262615998938551e-09 8.525231990811671e-09
4.17736367895978e-09 8.354727350995437e-09
4.093816405380584e-09 8.187632803975528e-09
4.0119400772729725e-09 8.023880147896018e-09
3.931701275727513e-09 7.863402544938099e-09
3.853067250212963e-09 7.706134494039336e-09
3.776005905208704e-09 7.552011804158549e-09
3.70048578710453e-09 7.4009715680753775e-09
3.6264760713624394e-09 7.25295213671387e-09
3.5539465499351907e-09 7.107893093979592e-09
3.482867618936487e-09 6.9657352321e-09
3.413210266557757e-09 6.826420527458e-09
3.344946061226602e-09 6.68989211690884e-09
3.27804714000207e-09 6.5560942745706635e-09
3.2124861972020285e-09 6.4249723890792505e-09
3.148236473257988e-09 6.296472941297665e-09
3.085271743792828e-09 6.170543482471712e-09
3.0235663089169716e-09 6.0471326128222784e-09
2.9630949827386323e-09 5.9261899605658325e-09
2.9038330830838596e-09 5.807666161354516e-09
2.8457564214221825e-09 5.691512838127425e-09
2.788841292993739e-09 5.5776825813648766e-09
2.733064467133864e-09 5.466128929737579e-09
2.678403177791187e-09 5.356806351142827e-09
2.624835114235363e-09 5.24967022411997e-09
2.5723384119506556e-09 5.144676819637571e-09
2.5208916437116424e-09 5.041783283244819e-09
2.4704738108374094e-09 4.940947617579922e-09
2.421064334620661e-09 4.842128665228324e-09
2.372643047928248e-09 4.7452860919237574e-09
2.325190186969683e-09 4.650380370085282e-09
2.2786863832302893e-09 4.557372762683576e-09
2.2331126555656835e-09 4.466225307429904e-09
2.1884504024543697e-09 4.376900801281306e-09
2.144681394405282e-09 4.2893627852556795e-09
2.1017877665171765e-09 4.203575529550566e-09
2.059752011186833e-09 4.119504018959555e-09
2.0185569709630964e-09 4.037113938580364e-09
1.9781858315438346e-09 3.956371659808757e-09
1.938622114912958e-09 3.877244226612581e-09
1.8998496726146987e-09 3.79969934208033e-09
1.8618526791624046e-09 3.7237053552387233e-09
1.8246156255791566e-09 3.649231248133949e-09
1.7881233130675735e-09 3.57624662317127e-09
1.7523608468062222e-09 3.5047216907078447e-09
1.7173136298700977e-09 3.4346272568936878e-09
1.6829673572726956e-09 3.365934711755814e-09
1.6493080101272417e-09 3.2986160175206977e-09
1.6163218499246968e-09 3.232643697170284e-09
1.5839954129262028e-09 3.167990823226878e-09
1.5523155046676787e-09 3.1046310067623406e-09
1.521269194574325e-09 3.042538386627094e-09
1.4908438106828386e-09 2.981687618894552e-09
1.4610269344691818e-09 2.922053866516661e-09
1.4318063957797983e-09 2.8636127891863277e-09
1.4031702678642023e-09 2.806340533402601e-09
1.3751068625069182e-09 2.750213722734549e-09
1.3476047252567799e-09 2.6952094482798577e-09
1.3206526307516443e-09 2.6413052593142605e-09
1.2942395781366113e-09 2.5884791541279752e-09
1.268354786573879e-09 2.5367095710454156e-09
1.2429876908424015e-09 2.4859753796245074e-09
1.2181279370255534e-09 2.436255872032017e-09
1.1937653782850422e-09 2.387530754591377e-09
1.1698900707193414e-09 2.3397801394995493e-09
1.1464922693049545e-09 2.2929845367095583e-09
1.1235624239188554e-09 2.247124845975367e-09
1.1010911754404784e-09 2.2021823490558596e-09
1.0790693519316688e-09 2.1581387020747424e-09
1.0574879648930354e-09 2.1149759280332477e-09
1.0363382055951746e-09 2.072676409472583e-09
1.015611441483271e-09 2.031222881283131e-09
9.952992126536056e-10 1.9905984236574685e-09
9.753932284005336e-10 1.950786455184319e-09
9.558853638325229e-10 1.9117707260806326e-09
9.367676565558724e-10 1.87353531155902e-09
9.18032303424755e-10 1.8360646053278397e-09
8.996716573562599e-10 1.7993433132212828e-09
8.816782242091347e-10 1.7633564469568572e-09
8.64044659724952e-10 1.72808931801772e-09
8.46763766530453e-10 1.6935275316573655e-09
8.298284911998439e-10 1.6596569810242182e-09
8.13231921375847e-10 1.626463841403734e-09
7.969672829483301e-10 1.5939345645756593e-09
7.810279372893635e-10 1.5620558732841462e-09
7.654073785435762e-10 1.5308147558184634e-09
7.500992309727047e-10 1.5001984607020942e-09
7.350972463532506e-10 1.4701944914880522e-09
7.203953014261856e-10 1.440790601658291e-09
7.059873953976618e-10 1.4119747896251253e-09
6.918676474897086e-10 1.3837352938326228e-09
6.780302945399143e-10 1.3560605879559704e-09
6.644696886491161e-10 1.3289393761968511e-09
6.511802948761337e-10 1.302360588672914e-09
6.381566889786111e-10 1.2763133768994558e-09
6.253935551990389e-10 1.2507871093614667e-09
6.12885684095058e-10 1.2257713671742374e-09
6.006279704131568e-10 1.2012559398307526e-09
5.886154110048938e-10 1.1772308210341375e-09
5.768431027847959e-10 1.1536862046134547e-09
5.653062407290999e-10 1.1306124805211856e-09
5.540001159145179e-10 1.108000230910762e-09
5.429201135962276e-10 1.0858402262925468e-09
5.32061711324303e-10 1.0641234217666958e-09
5.21420477097817e-10 1.042840953331362e-09
5.109920675558607e-10 1.0219841342647348e-09
5.007722262047435e-10 1.0015444515794402e-09
4.907567816806486e-10 9.815135625478513e-10
4.809416460470356e-10 9.618832912968943e-10
4.713228131260949e-10 9.426456254709564e-10
4.6189635686357306e-10 9.237927129615373e-10
4.526584297263016e-10 9.053168587023065e-10
4.4360526113177556e-10 8.872105215282605e-10
4.3473315590914005e-10 8.694663110976952e-10
4.2603849279095723e-10 8.520769848757414e-10
4.1751772293513806e-10 8.350354451782265e-10
4.091673684764353e-10 8.18334736274662e-10
4.009840211069066e-10 8.019680415491687e-10
3.9296434068476845e-10 7.859286807181853e-10
3.8510505387107307e-10 7.702101071038216e-10
3.7740295279365163e-10 7.548059049617452e-10
3.698548937377786e-10 7.397097868625104e-10
3.6245779586302303e-10 7.249155911252601e-10
3.5520863994576254e-10 7.104172793027549e-10
3.481044671468473e-10 6.962089337166998e-10
3.4114237780391036e-10 6.822847550423658e-10
3.3431953024783217e-10 6.686390599415185e-10
3.2763313964287554e-10 6.552662787426881e-10
3.21080476850018e-10 6.421609531678343e-10
3.146588673130177e-10 6.293177341044776e-10
3.0836568996675734e-10 6.167313794223881e-10
3.021983761674222e-10 6.043967518339403e-10
2.961544086440737e-10 5.923088167972615e-10
2.9023132047119224e-10 5.804626404613163e-10
2.844266940617684e-10 5.6885338765209e-10
2.7873816018053303e-10 5.574763198990482e-10
2.7316339697692237e-10 5.463267935010672e-10
2.677001290373839e-10 5.354002576310459e-10
2.623461264566362e-10 5.246922524784249e-10
2.5709920392750346e-10 5.141984074288564e-10
2.519572198489534e-10 5.039144392802792e-10
2.4691807545197435e-10 4.938361504946737e-10
2.419797139429349e-10 4.839594274847802e-10
2.371401196640762e-10 4.742802389350847e-10
2.3239731727079468e-10 4.6479463415638297e-10
2.277493709253788e-10 4.554987414732553e-10
2.231943835068712e-10 4.463887666437902e-10
2.1873049583673376e-10 4.374609913109144e-10
2.1435588591999909e-10 4.2871177148469613e-10
2.100687682015991e-10 4.201375360550022e-10
2.0586739283756713e-10 4.1173478533390215e-10
2.017500449808158e-10 4.035000896272241e-10
1.9771504408119949e-10 3.9543008783467963e-10
1.9376074319957548e-10 3.8752148607798603e-10
1.8988552833558398e-10 3.7977105635642635e-10
1.8608781776887232e-10 3.721756352292978e-10
1.8236606141349485e-10 3.6473212252471185e-10
1.7871874018522495e-10 3.574374800742176e-10
1.7514436538152044e-10 3.502887304727332e-10
1.7164147807389003e-10 3.432829558632786e-10
1.6820864851241223e-10 3.36417296746013e-10
1.6484447554216398e-10 3.2968895081109273e-10
1.6154758603132067e-10 3.2309517179487087e-10
1.5831663431069424e-10 3.1663326835897345e-10
1.5515030162448035e-10 3.10300602991794e-10
1.5204729559199076e-10 3.040945909319581e-10
1.4900634968015093e-10 2.9801269911331896e-10
1.4602622268654793e-10 2.920524451310526e-10
1.4310569823281696e-10 2.862113962284315e-10
1.4024358426816063e-10 2.804871683038629e-10
1.374387125827974e-10 2.748774249377856e-10
1.3468993833114145e-10 2.693798764390299e-10
1.319961395645186e-10 2.639922789102493e-10
1.2935621677322822e-10 2.5871243333204434e-10
1.2676909243776364e-10 2.5353818466540344e-10
1.2423371058900836e-10 2.4846742097209537e-10
1.2174903637722818e-10 2.4349807255265344e-10
1.1931405564968362e-10 2.3862811110160035e-10
1.1692777453668993e-10 2.338555488795684e-10
1.1458921904595612e-10 2.2917843790197702e-10
1.12297434665037e-10 2.2459486914393748e-10
1.1005148597173624e-10 2.201029717610587e-10
1.0785045625230152e-10 2.1570091232583753e-10
1.056934471272555e-10 2.113868940793208e-10
1.0357957818471041e-10 2.071591561977344e-10
1.0150798662101622e-10 2.030159730737797e-10
9.94778268885959e-11 1.9895565361230413e-10
9.7488270350824e-11 1.9497654054005803e-10
9.55385049438075e-11 1.9107700972925685e-10
9.362773484493137e-11 1.872554695346717e-10
9.175518014803276e-11 1.8351036014397828e-10
8.992007654507212e-11 1.7984015294109872e-10
8.812167501417067e-11 1.7624334988227673e-10
8.635924151388726e-11 1.727184828846312e-10
8.463205668360952e-11 1.6926411322693853e-10
8.293941554993735e-11 1.6587883096239979e-10
8.128062723893859e-11 1.6256125434315179e-10
7.965501469415983e-11 1.5931002925628876e-10
7.806191440027662e-11 1.5612382867116296e-10
7.650067611227111e-11 1.530013520977397e-10
7.497066259002569e-11 1.499413250557849e-10
7.347124933822518e-11 1.469424985546692e-10
7.20018243514607e-11 1.4400364858357585e-10
7.056178786443148e-11 1.4112357561190435e-10
6.915055210714285e-11 1.3830110409966626e-10
6.7767541065e-11 1.3553508201767297e-10
6.641219024370001e-11 1.328243803773195e-10
6.508394643882601e-11 1.3016789276977311e-10
6.378226751004949e-11 1.2756453491437764e-10
6.250662215984849e-11 1.2501324421609008e-10
6.125648971665152e-11 1.2251297933176828e-10
6.003135992231847e-11 1.200627197451329e-10
5.883073272387211e-11 1.176614653502302e-10
5.7654118069394684e-11 1.1530823604322562e-10
5.65010357080068e-11 1.1300207132236112e-10
5.537101499384668e-11 1.1074202989591392e-10
5.426359469396973e-11 1.0852718929799565e-10
5.317832280009032e-11 1.0635664551203572e-10
5.211475634408852e-11 1.0422951260179503e-10
5.1072461217206756e-11 1.0214492234975911e-10
5.005101199286263e-11 1.0010202390276392e-10
4.9049991753005365e-11 9.809998342470863e-11
4.806899191794528e-11 9.613798375621447e-11
4.710761207958639e-11 9.421522408109019e-11
4.616545983799468e-11 9.233091959946839e-11
4.524215064123479e-11 9.048430120747901e-11
4.433730762841009e-11 8.867461518332945e-11
4.3450561475841906e-11 8.690112287966285e-11
4.2581550246325054e-11 8.516310042206959e-11
4.172991924139856e-11 8.345983841362821e-11
4.089532085657059e-11 8.179064164535565e-11
4.007741443943918e-11 8.015482881244851e-11
3.9275866150650396e-11 7.855173223619954e-11
3.8490348827637405e-11 7.698069759147557e-11
3.772054185108467e-11 7.544108363964607e-11
3.6966131014062954e-11 7.393226196685314e-11
3.62268083937817e-11 7.245361672751608e-11
3.5502272225906056e-11 7.100454439296576e-11
3.4792226781387935e-11 6.958445350510645e-11
3.409638224576016e-11 6.819276443500432e-11
3.341445460084494e-11 6.682890914630422e-11
3.274616550882805e-11 6.549233096337815e-11
3.2091242198651485e-11 6.418248434411056e-11
3.144941735467847e-11 6.289883465722836e-11
3.082042900758489e-11 6.164085796408379e-11
3.020402042743319e-11 6.040804080480211e-11
2.959994001888451e-11 5.919987998870606e-11
2.9007941218506834e-11 5.801588238893192e-11
2.8427782394136703e-11 5.685556474115329e-11
2.7859226746253953e-11 5.571845344633021e-11
2.730204221132888e-11 5.4604084377403607e-11
2.675600136710231e-11 5.351200268985553e-11
2.622088133976025e-11 5.244176263605843e-11
2.5696463712965038e-11 5.1392927383337273e-11
2.5182534438705758e-11 5.036506883567054e-11
2.4678883749931666e-11 4.9357767458957125e-11
2.4185306074933055e-11 4.8370612109777997e-11
2.3701599953434413e-11 4.740319986758245e-11
2.3227567954365727e-11 4.645513587023081e-11
2.27630165952784e-11 4.552603315282619e-11
2.2307756263372836e-11 4.461551248976965e-11
2.1861601138105377e-11 4.372320223997426e-11
2.1424369115343264e-11 4.2848738195174766e-11
2.0995881733036427e-11 4.199176343127128e-11
2.0575964098375703e-11 4.1151928162645864e-11
2.0164444816408173e-11 4.032888959939296e-11
1.9761155920079997e-11 3.952231180740509e-11
1.9365932801678393e-11 3.8731865571256995e-11
1.897861414564482e-11 3.795722825983185e-11
1.859904186273194e-11 3.719808369463523e-11
1.8227061025477287e-11 3.645412202074252e-11
1.786251980496774e-11 3.572503958032768e-11
1.750526940886838e-11 3.501053878872115e-11
1.7155164020690998e-11 3.431032801294674e-11
1.6812060740277174e-11 3.362412145268778e-11
1.6475819525471623e-11 3.295163902363403e-11
1.61463031349622e-11 3.229260624316135e-11
1.582337707226296e-11 3.164675411829811e-11
1.55069095308177e-11 3.1013819035932124e-11
1.5196771340201347e-11 3.039354265521346e-11
1.489283591339732e-11 2.978567180210918e-11
1.4594979195129357e-11 2.9189958366066996e-11
1.4303079611226766e-11 2.8606159198745656e-11
1.4017018019002216e-11 2.803403601477072e-11
1.3736677658622176e-11 2.747335529447532e-11
1.3461944105449736e-11 2.692388818858583e-11
1.319270522334072e-11 2.6385410424814102e-11
1.2928851118873895e-11 2.58577022163178e-11
1.2670274096496428e-11 2.534054817199145e-11
1.2416868614566514e-11 2.4833737208551634e-11
1.2168531242275184e-11 2.4337062464380595e-11
1.1925160617429692e-11 2.3850321215092978e-11
1.1686657405081086e-11 2.3373314790791127e-11
1.1452924256979457e-11 2.2905848494975294e-11
1.122386577183987e-11 2.2447731525075796e-11
1.0999388456403066e-11 2.1998776894574296e-11
1.0779400687275025e-11 2.155880135668283e-11
1.0563812673529525e-11 2.1127625329549194e-11
1.0352536420058937e-11 2.0705072822958228e-11
1.0145485691657733e-11 2.0290971366499043e-11
9.942575977824576e-12 1.9885151939169075e-11
9.743724458268082e-12 1.9487448900385692e-11
9.548849969102709e-12 1.9097699922377986e-11
9.35787296972064e-12 1.8715745923930404e-11
9.170715510326239e-12 1.83414310054518e-11
8.987301200119743e-12 1.797460238534278e-11
8.807555176117337e-12 1.7615110337635918e-11
8.631404072594986e-12 1.7262808130883195e-11
8.458775991143069e-12 1.6917551968265497e-11
8.28960047132021e-12 1.6579200928900195e-11
8.123808461893817e-12 1.624761691032218e-11
7.961332292655928e-12 1.592266457211573e-11
7.8021056468028e-12 1.560421128067343e-11
7.646063533866745e-12 1.5292127055059962e-11
7.493142263189409e-12 1.4986284513958762e-11
7.3432794179256e-12 1.4686558823679574e-11
7.196413829567087e-12 1.439282764720597e-11
7.052485552975728e-12 1.4104971094261836e-11
6.911435841916206e-12 1.3822871672376585e-11
6.7732071250778894e-12 1.3546414238929065e-11
6.6377429825763226e-12 1.3275485954150477e-11
6.5049881229247855e-12 1.3009976235067465e-11
6.374888360466286e-12 1.2749776710366137e-11
6.247390593256977e-12 1.249478117615882e-11
6.122442781391853e-12 1.2244885552635648e-11
5.999993925764037e-12 1.1999987841582933e-11
5.8799940472487575e-12 1.1759988084751279e-11
5.7623941663037715e-12 1.1524788323056256e-11
5.6471462829777015e-12 1.1294292556595129e-11
5.5342033573181564e-12 1.1068406705463229e-11
5.423519290171791e-12 1.0847038571353952e-11
5.3150489043683584e-12 1.0630097799926891e-11
5.2087479262809974e-12 1.0417495843928359e-11
5.104572967755373e-12 1.0209145927049784e-11
5.002481508400255e-12 1.0004963008508788e-11
4.902431878232263e-12 9.804863748338605e-12
4.804383240667639e-12 9.608766473371825e-12
4.708295575854268e-12 9.416591143904365e-12
4.614129664337176e-12 9.228259321026285e-12
4.5218470710504405e-12 9.043694134605768e-12
4.431410129629442e-12 8.86282025191364e-12
4.342781927036851e-12 8.685563846875381e-12
4.255926288496116e-12 8.511852569937865e-12
4.17080776272618e-12 8.341615518539083e-12
4.0873916074716774e-12 8.17478320816831e-12
4.005643775322271e-12 8.011287544004957e-12
3.925530899815829e-12 7.85106179312486e-12
3.847020281819503e-12 7.694040557262356e-12
3.7700798761831336e-12 7.540159746117126e-12
3.69467827865946e-12 7.389356551194782e-12
3.620784713086267e-12 7.241569420170884e-12
3.5483690188245486e-12 7.0967380317674804e-12
3.4774016384480765e-12 6.9548032711321524e-12
3.407853605679108e-12 6.815707205709516e-12
3.339696533565539e-12 6.67939306159533e-12
3.272902602894242e-12 6.54580520036343e-12
3.2074445508363617e-12 6.414889096356154e-12
3.143295659819648e-12 6.286591314429045e-12
3.0804297466232483e-12 6.160859488140453e-12
3.0188211516907884e-12 6.037642298377632e-12
2.9584447286569852e-12 5.916889452410065e-12
2.8992758340838327e-12 5.798551663361847e-12
2.8412903174021672e-12 5.6825806300946015e-12
2.7844645110541244e-12 5.56892901749269e-12
2.728775220833058e-12 5.457550437142837e-12
2.6741997164164e-12 5.348399428399957e-12
2.6207157220880788e-12 5.241431439831963e-12
2.568301407646297e-12 5.136602811035328e-12
2.5169353794933745e-12 5.033870754814633e-12
2.4665966719034834e-12 4.933193339718322e-12
2.4172647384653994e-12 4.834529472923954e-12
2.368919443696105e-12 4.737838883465502e-12
2.321541054822172e-12 4.6430821057961855e-12
2.275110233725744e-12 4.5502204636802565e-12
2.2296080290512458e-12 4.4592160544066745e-12
2.1850158684702233e-12 4.370031733318546e-12
2.1413155511008407e-12 4.282631098652192e-12
2.0984892400788344e-12 4.19697847667916e-12
2.0565194552772543e-12 4.113038907145582e-12
2.0153890661717172e-12 4.030778129002668e-12
1.975081284848283e-12 3.9501625664226186e-12
1.935579659151313e-12 3.871159315094157e-12
1.8968680659682935e-12 3.79373612879225e-12
1.8589307046489118e-12 3.717861406216409e-12
1.821752090555925e-12 3.643504178092061e-12
1.785317048744823e-12 3.5706340945302242e-12
1.7496107077699232e-12 3.499221412639618e-12
1.7146184936145213e-12 3.429236984386824e-12
1.6803261237422117e-12 3.3606522446990735e-12
1.6467196012673744e-12 3.2934391998050767e-12
1.6137852092420458e-12 3.227570415808972e-12
1.5815095050572198e-12 3.1630190074927892e-12
1.549879314956094e-12 3.099758627342956e-12
1.5188817286569648e-12 3.0377634547960903e-12
1.4885040940838057e-12 2.9770081857001723e-12
1.4587340122021294e-12 2.9174680219861696e-12
1.4295593319580983e-12 2.8591186615464398e-12
1.4009681453189146e-12 2.801936288315511e-12
1.372948782412539e-12 2.7458975625491894e-12
1.3454898067642796e-12 2.6909796112981907e-12
1.3185800106289962e-12 2.6371600190722174e-12
1.2922084104164266e-12 2.5844168186907782e-12
1.2663642422080914e-12 2.532728482316972e-12
1.2410369573639142e-12 2.482073912670622e-12
1.2162162182166477e-12 2.4324324344172083e-12
1.1918918938523092e-12 2.38378378572884e-12
1.1680540559752454e-12 2.336108110014243e-12
1.1446929748557167e-12 2.2893859478139392e-12
1.121799115358595e-12 2.243598228857647e-12
1.099363133051429e-12 2.19872626428048e-12
1.0773758703903889e-12 2.1547517389948786e-12
1.0558283529825932e-12 2.1116567042149715e-12
1.034711785922947e-12 2.0694235701306607e-12
1.0140175502045181e-12 2.028035098728048e-12
9.937371992004463e-13 1.987474396753496e-12
9.73862455216453e-13 1.9477249088184147e-12
9.543852061121234e-13 1.9087704106420405e-12
9.35297501989859e-13 1.870595002429201e-12
9.165915519500718e-13 1.8331831023806127e-12
8.982597209110717e-13 1.7965194403330033e-12
8.802945264928458e-13 1.7605890515263216e-12
8.626886359629911e-13 1.7253772704958036e-12
8.454348632437278e-13 1.6908697250858807e-12
8.285261659788732e-13 1.6570523305841715e-12
8.119556426592821e-13 1.6239112839724849e-12
7.957165298061063e-13 1.5914330582930498e-12
7.798021992099884e-13 1.5596043971271763e-12
7.642061552258007e-13 1.5284123091846337e-12
7.489220321213078e-13 1.4978440630009347e-12
7.339435914789016e-13 1.4678871817409128e-12
7.192647196493324e-13 1.4385294381061101e-12
7.048794252563616e-13 1.4097588493439747e-12
6.907818367512183e-13 1.3815636723570726e-12
6.769662000162e-13 1.3539323989099157e-12
6.634268760159006e-13 1.3268537509317251e-12
6.501583384955975e-13 1.3003166759131052e-12
6.37155171725695e-13 1.2743103423948484e-12
6.244120682911759e-13 1.2488241355469281e-12
6.119238269253553e-13 1.2238476528359996e-12
5.996853503868309e-13 1.1993706997792746e-12
5.876916433790824e-13 1.1753832857836962e-12
5.759378105115128e-13 1.1518756200680122e-12
5.64419054301269e-13 1.1288381076666574e-12
5.531306732152399e-13 1.1062613455133184e-12
5.420680597509305e-13 1.0841361186030632e-12
5.312266985559169e-13 1.0624533962310024e-12
5.206021645848132e-13 1.0412043283063973e-12
5.101901212931309e-13 1.0203802417402713e-12
4.999863188672531e-13 9.999726369054647e-13
4.899865924899113e-13 9.799731841673329e-13
4.801868606400972e-13 9.603737204840004e-13
4.705831234272954e-13 9.411662460743365e-13
4.611714609587272e-13 9.22342921152842e-13
4.5194803173954283e-13 9.038960627297927e-13
4.429090711047676e-13 8.858181414751811e-13
4.340508896826737e-13 8.68101778645684e-13
4.2536987188901336e-13 8.50739743072748e-13
4.1686247445124626e-13 8.33724948211309e-13
4.085252249622305e-13 8.170504492470915e-13
4.0035472046301426e-13 8.007094402621586e-13
3.923476260537595e-13 7.846952514569006e-13
3.8450067353269914e-13 7.690013464277501e-13
3.7681066006205995e-13 7.536213194991937e-13
3.692744468608031e-13 7.385488931092036e-13
3.6188895792359427e-13 7.237779152470034e-13
3.5465117876510197e-13 7.093023569420707e-13
3.4755815518980647e-13 6.951163098032339e-13
3.406069920859952e-13 6.812139836071671e-13
3.337948522442428e-13 6.675897039350113e-13
3.2711895519937473e-13 6.54237909856318e-13
3.205765760954019e-13 6.411531516591918e-13
3.1416504457350846e-13 6.283300886260177e-13
3.078817436820432e-13 6.157634868535097e-13
3.0172410880841384e-13 6.034482171164501e-13
2.9568962663224067e-13 5.913792527741292e-13
2.897758340996029e-13 5.795516677186392e-13
2.839803174176005e-13 5.679606343642794e-13
2.7830071106926496e-13 5.566014216769968e-13
2.727346968478837e-13 5.454693932434408e-13
2.6728000291093723e-13 5.345600053785889e-13
2.6193440285273014e-13 5.23868805271009e-13
2.5669571479564254e-13 5.133914291655688e-13
2.5156180049973606e-13 5.031236005822344e-13
2.4653056448975583e-13 4.930611285705954e-13
2.4159995319996625e-13 4.83199905999197e-13
2.367679541359607e-13 4.735359078792179e-13
2.320325950532381e-13 4.640651897216392e-13
2.273919431521741e-13 4.547838859272039e-13
2.2284410428913898e-13 4.456882082086528e-13
2.1838722220335678e-13 4.3677444404448337e-13
2.1401947775927402e-13 4.2803895516358875e-13
2.0973908820409888e-13 4.1947817606031913e-13
2.0554430644002295e-13 4.1108861253911556e-13
2.0143342031120802e-13 4.0286684028833474e-13
1.9740475190499222e-13 3.948095034825702e-13
1.9345665686691e-13 3.869133134129322e-13
1.895875237295757e-13 3.791750471446908e-13
1.8579577325500876e-13 3.715915462018104e-13
1.8207985778988782e-13 3.6415971527778066e-13
1.7843826063410586e-13 3.568765209722221e-13
1.748694954214187e-13 3.497389905527869e-13
1.7137210551299753e-13 3.4274421074172655e-13
1.679446634027357e-13 3.358893265268856e-13
1.6458577013464881e-13 3.291715399963201e-13
1.6129405473196303e-13 3.225881091963831e-13
1.580681736373123e-13 3.1613634701245003e-13
1.5490681016458218e-13 3.0981362007219276e-13
1.5180867396126747e-13 3.036173476707498e-13
1.4877250048205428e-13 2.9754500071732783e-13
1.4579705047241957e-13 2.915941007029884e-13
1.4288110946295903e-13 2.8576221868890627e-13
1.4002348727371565e-13 2.800469743151179e-13
1.3722301752825251e-13 2.744460348288073e-13
1.3447855717767647e-13 2.6895711413222127e-13
1.3178898603412484e-13 2.6357797184955997e-13
1.291532063134421e-13 2.583064124125537e-13
1.2657014218716226e-13 2.531402841643119e-13
1.2403873934340834e-13 2.4807747848102274e-13
1.2155796455655167e-13 2.4311592891141223e-13
1.1912680526542419e-13 2.382536103331939e-13
1.1674426916010867e-13 2.3348853812651683e-13
1.144093837768932e-13 2.2881876736398187e-13
1.1212119610133193e-13 2.2424239201668918e-13
1.0987877217932969e-13 2.1975754417636567e-13
1.0768119673572069e-13 2.1536239329284516e-13
1.0552757280101976e-13 2.1105514542700018e-13
1.0341702134501452e-13 2.068340425184721e-13
1.0134868091810803e-13 2.026973616681002e-13
9.932170729975059e-14 1.9864341443473542e-13
9.733527315375351e-14 1.9467054614603343e-13
9.538856769066712e-14 1.9077713522309493e-13
9.348079633685883e-14 1.8696159251862163e-13
9.161118041014258e-14 1.8322236066825799e-13
8.977895680194297e-14 1.7955791345490277e-13
8.798337766589477e-14 1.7596675518579249e-13
8.622371011256372e-14 1.7244742008207516e-13
8.449923591028838e-14 1.6899847168041133e-13
8.280925119210172e-14 1.6561850224682563e-13
8.115306616826109e-14 1.6230613220189062e-13
7.953000484489926e-14 1.5906000955787185e-13
7.793940474796944e-14 1.5587880936669225e-13
7.638061665300534e-14 1.5276123317933658e-13
7.485300431995194e-14 1.4970600851573614e-13
7.335594423353827e-14 1.4671188834540688e-13
7.18888253488532e-14 1.4377765057850174e-13
7.045104884188433e-14 1.4090209756692147e-13
6.904202786503648e-14 1.3808405561556668e-13
6.76611873077456e-14 1.353223745032514e-13
6.630796356157605e-14 1.326159270131953e-13
6.498180429033882e-14 1.2996360847292117e-13
6.368216820452766e-14 1.2736433630346608e-13
6.240852484041222e-14 1.248170495773693e-13
6.116035434359794e-14 1.223207085858087e-13
5.993714725671365e-14 1.1987429441408326e-13
5.873840431159071e-14 1.1747680852580607e-13
5.756363622536296e-14 1.1512727235531926e-13
5.641236350085148e-14 1.1282472690821537e-13
5.528411623085373e-14 1.1056823237004794e-13
5.4178433906221024e-14 1.0835686772265196e-13
5.3094865228088584e-14 1.0618973036819032e-13
5.20329679235135e-14 1.0406593576082687e-13
5.099230856505837e-14 1.0198461704560407e-13
4.9972462393725033e-14 9.994492470469101e-14
4.8973013145850453e-14 9.794602621058794e-14
4.799355288294743e-14 9.598710568637836e-14
4.70336818252841e-14 9.406736357264816e-14
4.6093008188772216e-14 9.218601630118777e-14
4.5171148024990407e-14 9.034229597518752e-14
4.426772506448308e-14 8.853545005567006e-14
4.338237056317779e-14 8.67647410545484e-14
4.251472315193765e-14 8.502944623346605e-14
4.166442868890957e-14 8.332885730879129e-14
4.0831140115131634e-14 8.166228016260026e-14
4.00145173128453e-14 8.002903455935935e-14
3.9214226966586995e-14 7.842845386818277e-14
3.8429942427257496e-14 7.68598847908307e-14
3.766134357871425e-14 7.532268709502635e-14
3.6908116707159574e-14 7.381623335313295e-14
3.616995437301862e-14 7.233990868605046e-14
3.544655528555536e-14 7.089311051231507e-14
3.4737624179845996e-14 6.94752483020544e-14
3.4042871696242217e-14 6.80857433360297e-14
3.336201426229116e-14 6.672402846928563e-14
3.269477397704592e-14 6.538954789990357e-14
3.204087849750194e-14 6.408175694191576e-14
3.140006092755629e-14 6.280012180309153e-14
3.077205970901005e-14 6.154411936701648e-14
3.0156618514845486e-14 6.031323697967997e-14
2.955348614455462e-14 5.910697224009912e-14
2.896241642166808e-14 5.792483279531039e-14
2.8383168093244402e-14 5.6766336139406014e-14
2.7815504731369344e-14 5.563100941661543e-14
2.7259194636723184e-14 5.451838922827437e-14
2.6714010743984342e-14 5.3428021443731396e-14
2.617973052912724e-14 5.235946101485265e-14
2.5656135918539985e-14 5.131227179457976e-14
2.5143013200143794e-14 5.0286026358664195e-14
2.464015293615027e-14 4.928030583148778e-14
2.4147349877423382e-14 4.8294699714844644e-14
2.366440287985151e-14 4.732880572053635e-14
2.31911148222415e-14 4.638222960611042e-14
2.272729252579262e-14 4.545458501398194e-14
2.2272746675291084e-14 4.454549331369851e-14
2.1827291741793455e-14 4.365458344741463e-14
2.1390745906947914e-14 4.278149177844319e-14
2.096293098879614e-14 4.192586194287583e-14
2.054367236900624e-14 4.1087344704023954e-14
2.0132798921635964e-14 4.0265597809945143e-14
1.9730142943211107e-14 3.9460285853740634e-14
1.9335540084350777e-14 3.867108013667345e-14
1.894882928267477e-14 3.789765853395836e-14
1.8569852697009616e-14 3.713970536328979e-14
1.819845564305876e-14 3.6396911256008464e-14
1.783448653019767e-14 3.5668973030881856e-14
1.7477796799609022e-14 3.4955593570267045e-14
1.7128240863608988e-14 3.425648169883773e-14
1.6785676046346657e-14 3.3571352064859006e-14
1.6449962525413358e-14 3.289992502354662e-14
1.612096327492437e-14 3.2241926523089763e-14
1.579854400943606e-14 3.159708799263427e-14
1.5482573129269265e-14 3.096514623279699e-14
1.5172921666659814e-14 3.0345843308148843e-14
1.4869463233356648e-14 2.973892644200574e-14
1.4572073968691424e-14 2.914414791316332e-14
1.4280632489294192e-14 2.856126495488998e-14
1.3995019839537015e-14 2.7990039655822305e-14
1.3715119442722044e-14 2.743023886269694e-14
1.3440817053874308e-14 2.68816340854316e-14
1.3172000712790954e-14 2.6344001403703298e-14
1.2908560698546307e-14 2.581712137564414e-14
1.265038948455115e-14 2.5300778948100502e-14
1.2397381694869313e-14 2.479476336914215e-14
1.2149434060972675e-14 2.4298868101770737e-14
1.1906445379745202e-14 2.3812890739737655e-14
1.166831647214873e-14 2.333663292495003e-14
1.1434950142707663e-14 2.2869900266473216e-14
1.120625113987047e-14 2.241250226115452e-14
1.0982126117082578e-14 2.1964252215950966e-14
1.0762483594744322e-14 2.1524967171638413e-14
1.0547233922880295e-14 2.1094467828224684e-14
1.0336289244429062e-14 2.0672578471677907e-14
1.0129563459533785e-14 2.0259126902251314e-14
9.926972190329134e-15 1.98539443641977e-14
9.728432746505764e-15 1.9456865476890105e-14
9.533864091569615e-15 1.9067728167348678e-14
9.343186809746418e-15 1.8686373603991794e-14
9.156323073539665e-15 1.8312646131917432e-14
8.97319661208269e-15 1.7946393209276453e-14
8.79373267986296e-15 1.7587465345093422e-14
8.61785802625702e-15 1.723571603819587e-14
8.445500865760256e-15 1.6891001717433956e-14
8.276590848431739e-15 1.6553181683058162e-14
8.111059031447474e-15 1.6222118049403963e-14
7.94883785082738e-15 1.5897675688428473e-14
7.789861093815718e-15 1.557972217464503e-14
7.63406387193155e-15 1.5268127731141392e-14
7.481382594482419e-15 1.4962765176507827e-14
7.331754942607416e-15 1.466350987297289e-14
7.185119843766936e-15 1.4370239675515266e-14
7.041417446902438e-15 1.4082834882026152e-14
6.90058909793536e-15 1.3801178184356694e-14
6.762577315960858e-15 1.3525154620672389e-14
6.627325769648346e-15 1.3254651528245888e-14
6.4947792542789586e-15 1.298955849768082e-14
6.364883669188338e-15 1.2729767327722919e-14
6.237585995780174e-15 1.2475171981154745e-14
6.112834275845798e-15 1.2225668541525875e-14
5.990577590305643e-15 1.1981155170701992e-14
5.870766038480096e-15 1.1741532067274237e-14
5.753350717724312e-15 1.150670142594465e-14
5.63828370338563e-15 1.1276567397449264e-14
5.5255180293069205e-15 1.1051036049490368e-14
5.415007668726991e-15 1.0830015328512488e-14
5.3067075153464175e-15 1.0613415021941592e-14
5.200573365038584e-15 1.0401146721483089e-14
5.096561897742697e-15 1.019312378704848e-14
4.994630659803482e-15 9.989261311327213e-15
4.894738046608658e-15 9.789476085086458e-15
4.7968432856813694e-15 9.593686563372502e-15
4.700906419971138e-15 9.40181283209266e-15
4.606888291566674e-15 9.213776575449168e-15
4.514750525739564e-15 9.029501043935569e-15
4.424455515219566e-15 8.848911023044465e-15
4.335966404900042e-15 8.671932802570853e-15
4.249247076816356e-15 8.49849414653583e-15
4.1642621352814395e-15 8.32852426361489e-15
4.080976892567295e-15 8.161953778343766e-15
3.999357354710577e-15 7.998714702779223e-15
3.919370207615957e-15 7.838740408722332e-15
3.840982803473817e-15 7.681965600553857e-15
3.764163147401284e-15 7.528326288541141e-15
3.688879884438953e-15 7.377759762781915e-15
3.615102286762669e-15 7.230204567528608e-15
3.5428002410193967e-15 7.0856004761826844e-15
3.4719442362007506e-15 6.943888466644654e-15
3.4025053514751685e-15 6.805010697317567e-15
3.3344552444419474e-15 6.6689104833669306e-15
3.2677661395341707e-15 6.535532273691998e-15
3.2024108167359647e-15 6.404821628211391e-15
3.1383626004072884e-15 6.2767251956533e-15
3.0755953483982374e-15 6.151190691734459e-15
3.0140834414280438e-15 6.0281668779181496e-15
2.953801772604699e-15 5.907603540362449e-15
2.8947257371679124e-15 5.789451469555051e-15
2.8368312224305974e-15 5.673662440163138e-15
2.780094597976779e-15 5.560189191354763e-15
2.7244927060249407e-15 5.448985407517261e-15
2.670002851907176e-15 5.340005699372722e-15
2.6166027948543962e-15 5.233205585382967e-15
2.564270738955245e-15 5.128541473675655e-15
2.512985324206006e-15 5.025970644226807e-15
2.4627256177259437e-15 4.925451231357672e-15
2.413471105386236e-15 4.826942206727888e-15
2.3652016832569266e-15 4.730403362576802e-15
2.3178976495915445e-15 4.635795295320484e-15
2.2715396965966575e-15 4.543079389413429e-15
2.2261089026563743e-15 4.452217801599037e-15
2.1815867246064773e-15 4.363173445557146e-15
2.1379549900912742e-15 4.2759099766508166e-15
2.0951958902926794e-15 4.190391777111529e-15
2.0532919725021334e-15 4.106583941580068e-15
2.0122261330564793e-15 4.024452262746663e-15
1.9719816103896467e-15 3.943963217487444e-15
1.932541978200139e-15 3.865083953149788e-15
1.893891138626794e-15 3.787782274094087e-15
1.8560133158464045e-15 3.712026628591211e-15
1.81889304952245e-15 3.637786096017748e-15
1.7825151885350665e-15 3.565030374117427e-15
1.7468648847606474e-15 3.4937297666430357e-15
1.7119275870499709e-15 3.4238551713126725e-15
1.6776890353221282e-15 3.355378067881803e-15
1.6441352546253684e-15 3.2882705065461855e-15
1.611252549545356e-15 3.22250509642752e-15
1.5790274985389852e-15 3.1580549944809528e-15
1.5474469485825204e-15 3.0948938945845667e-15
1.5164980096046707e-15 3.032996016678498e-15
1.4861680493828861e-15 2.972336096317647e-15
1.45644468838175e-15 2.9128893743815492e-15
1.4273157946244595e-15 2.8546315868835116e-15
1.3987694787628288e-15 2.7975389551602503e-15
1.3707940891638368e-15 2.7415881760284407e-15
1.3433782073849489e-15 2.686756412528567e-15
1.3165106432441201e-15 2.6330212842634533e-15
1.290180430377836e-15 2.580360858555701e-15
1.2643768217577935e-15 2.5287536413983337e-15
1.2390892853316585e-15 2.478178568579151e-15
1.2143074996307376e-15 2.4286149972021243e-15
1.1900213496340744e-15 2.3800426972501565e-15
1.1662209226242749e-15 2.332441843305004e-15
1.1428965041839535e-15 2.2857930064243612e-15
1.1200385741094609e-15 2.240077146300191e-15
1.097637802622396e-15 2.195275603383964e-15
1.0756850465728479e-15 2.1513700913014115e-15
1.0541713456426364e-15 2.1083426894823473e-15
1.0330879187057173e-15 2.066175835699499e-15
1.012426160312665e-15 2.0248523189630255e-15
9.921776371172525e-16 1.984355272588744e-15
9.723340843609328e-16 1.944668167142279e-15
9.52887402663379e-16 1.905774803805074e-15
9.338296546145001e-16 1.8676593077238596e-15
9.151530615153493e-16 1.8303061215421015e-15
8.968500003010115e-16 1.793699999113426e-15
8.78913000322872e-16 1.7578259991571468e-15
8.613347402880469e-16 1.7226694791702147e-15
8.441080454800572e-16 1.6882160895873226e-15
8.27225884574183e-16 1.6544517678003895e-15
8.106813668664086e-16 1.6213627324261996e-15
7.944677395437261e-16 1.5889354777808346e-15
7.785783847393732e-16 1.5571567682383032e-15
7.630068170512905e-16 1.5260136328704097e-15
7.477466807214363e-16 1.495493360227245e-15
7.327917471377005e-16 1.46558349304323e-15
7.181359121786558e-16 1.436271823183043e-15
7.037731939305378e-16 1.4075463867116225e-15
6.89697730056812e-16 1.3793954589807145e-15
6.759037754489803e-16 1.3518075497981382e-15
6.623856999601058e-16 1.3247713987955738e-15
6.491379859398153e-16 1.2982759708128953e-15
6.36155226207706e-16 1.2723104513734923e-15
6.23432121671066e-16 1.2468642423332998e-15
6.10963479240379e-16 1.2219269574801977e-15
5.987442096703826e-16 1.1974884183402049e-15
5.867693254755734e-16 1.173538649975402e-15
5.750339389615171e-16 1.1500678769638329e-15
5.635332601734405e-16 1.1270665194124953e-15
5.522625949854447e-16 1.1045251890282317e-15
5.412173430656399e-16 1.0824346852299812e-15
5.303929962052417e-16 1.0607859915091847e-15
5.197851362671622e-16 1.039570271657841e-15
5.093894335481929e-16 1.0187788662281744e-15
4.992016448764892e-16 9.984032889095824e-16
4.892176119902965e-16 9.784352231206533e-16
4.794332597512397e-16 9.588665186673552e-16
4.698445945313214e-16 9.396891882771495e-16
4.604477026578222e-16 9.208954045053358e-16
4.512387486183189e-16 9.024774964180572e-16
4.4221397362138995e-16 8.844279464655582e-16
4.333696941407777e-16 8.66739387537421e-16
4.2470230026929917e-16 8.494045997944639e-16
4.162082542547361e-16 8.324165077818815e-16
4.078840891763462e-16 8.157681776333735e-16
3.99726407406307e-16 7.994528141098386e-16
3.917318792531397e-16 7.834637578365912e-16
3.8389724166303573e-16 7.677944826977424e-16
3.7621929682192145e-16 7.524385930320574e-16
3.686949109064153e-16 7.373898211762297e-16
3.6132101269416464e-16 7.22642024768272e-16
3.5409459243060796e-16 7.081891842411586e-16
3.470127005633889e-16 6.940254005315359e-16
3.4007244656775946e-16 6.801448925154616e-16
3.3327099765617854e-16 6.665419946922998e-16
3.266055777277923e-16 6.532111547941683e-16
3.200734661607507e-16 6.401469316849005e-16
3.1367199685267776e-16 6.273439930439391e-16
3.0739855691372635e-16 6.147971131825799e-16
3.012505857732231e-16 6.025011709098452e-16
2.952255740547027e-16 5.904511475141635e-16
2.893210625584759e-16 5.786421245713407e-16
2.8353464129382797e-16 5.670692820834038e-16
2.7786394846158676e-16 5.55727896435465e-16
2.723066695028649e-16 5.446133385014776e-16
2.668605360981711e-16 5.337210717169056e-16
2.6152332538986083e-16 5.230466502920132e-16
2.5629285889025735e-16 5.125857172928063e-16
2.5116700172064595e-16 5.023340029701271e-16
2.461436617013751e-16 4.9228732290677e-16
2.412207884667732e-16 4.824415764375662e-16
2.3639637267932713e-16 4.727927448874894e-16
2.316684452107733e-16 4.633368899917407e-16
2.27035076314917e-16 4.540701522082999e-16
2.2249437480045196e-16 4.449887491628263e-16
2.1804448729476955e-16 4.360889741845487e-16
2.1368359754085515e-16 4.2736719470980716e-16
2.0940992557010765e-16 4.1881985080967115e-16
2.052217270654103e-16 4.1044345377546107e-16
2.01117292542222e-16 4.0223458472081265e-16
1.9709494669510452e-16 3.941898930183059e-16
1.931530477773371e-16 3.863060951496838e-16
1.8928998681509486e-16 3.785799732582865e-16
1.8550418707805313e-16 3.710083737924749e-16
1.8179410333492507e-16 3.63588206297947e-16
1.7815822125789146e-16 3.563164421438798e-16
1.7459505682703074e-16 3.4919011328215834e-16
1.711031556933899e-16 3.4220631101487667e-16
1.676810925751427e-16 3.353621847949259e-16
1.6432747071165037e-16 3.2865494110102847e-16
1.6104092127616347e-16 3.220818422714137e-16
1.5782010283815442e-16 3.156402054036674e-16
1.5466370077601932e-16 3.0932740127112536e-16
1.515704267724977e-16 3.031408532392667e-16
1.4853901823564617e-16 2.970780361903791e-16
1.455682378687045e-16 2.9113647548131123e-16
1.4265687311588455e-16 2.853137459591277e-16
1.3980373565779013e-16 2.7960747102639524e-16
1.3700766095646765e-16 2.740153215906631e-16
1.3426750773428239e-16 2.6853501516283616e-16
1.3158215760995892e-16 2.63164314881102e-16
1.2895051446992394e-16 2.5790102858448842e-16
1.2637150418706483e-16 2.527430080353138e-16
1.2384407410787768e-16 2.476881478934831e-16
1.2136719263060514e-16 2.427343849472098e-16
1.1893984879991798e-16 2.3787969726102005e-16
1.1656105181887846e-16 2.3312210332375646e-16
1.1422983079251443e-16 2.284596612793002e-16
1.1194523418188002e-16 2.2389046804975957e-16
1.0970632950627071e-16 2.1941265869026917e-16
1.0751220290481757e-16 2.150244055204501e-16
1.0536195883043041e-16 2.10723917404763e-16
1.0325471966102292e-16 2.0650943906594802e-16
1.0118962527765056e-16 2.023792502992033e-16
9.916583276672552e-17 1.9833166529389682e-16
9.718251610568811e-17 1.94365031971822e-16
9.523886579904727e-17 1.9047773134199672e-16
9.333408847306209e-17 1.8666817669829816e-16
9.146740670203385e-17 1.8293481314796987e-16
8.963805856990034e-17 1.7927611687543105e-16
8.784529738072259e-17 1.7569059452189097e-16
8.608839142707437e-17 1.7217678262286633e-16
8.43666235764518e-17 1.6873324694643662e-16
8.267929110583731e-17 1.6535858199693583e-16
8.102570528810926e-17 1.6205141033666432e-16
7.940519116043143e-17 1.5881038210612408e-16
7.781708734227326e-17 1.5563417444499231e-16
7.626074558873227e-17 1.5252149096272576e-16
7.47355306912725e-17 1.4947106115953441e-16
7.324082009722131e-17 1.4648163994661662e-16
7.17760036947025e-17 1.4355200716639442e-16
7.034048363065655e-17 1.406809670300307e-16
6.893367396342474e-17 1.3786734770383887e-16
6.755500048076945e-17 1.351100007633437e-16
6.620390048480719e-17 1.3240780076314739e-16
6.487982249422357e-17 1.2975964475716473e-16
6.358222606229356e-17 1.2716445188503292e-16
6.231058154527096e-17 1.2462116285925951e-16
6.106436992040861e-17 1.221287396178066e-16
5.984308253780424e-17 1.1968616482778245e-16
5.864622088878988e-17 1.1729244153802555e-16
5.747329647358299e-17 1.1494659271588357e-16
5.632383055313224e-17 1.1264766086671028e-16
5.5197353950594205e-17 1.10394707669906e-16
5.4093406861081774e-17 1.0818681352396837e-16
5.30115387275871e-17 1.0602307725697902e-16
5.195130796801197e-17 1.0390261570474154e-16
5.091228181800352e-17 1.0182456338818103e-16
4.9894036182061687e-17 9.978807211629737e-17
4.8896155468103115e-17 9.779231068838023e-17
