1 2
-0.528 -1.056
0.05569599999999997 0.11139199999999994
0.416304 0.832608
0.05557987200000003 0.11115974400000006
0.193376488896 0.386752977792
0.05560728703372797 0.11121457406745594
-0.029479255103999957 -0.058958510207999915
0.003057692345727947 0.006115384691455894
0.023148580007387842 0.046297160014775685
0.003034274451953589 0.006068548903907178
0.010717939174129443 0.021435878348258885
0.00303580313917573 0.00607160627835146
-0.001698229400776352 -0.003396458801552704
0.00011853270638828572 0.00023706541277657145
0.0012363465645759408 0.0024726931291518817
0.00011075487182399257 0.00022150974364798515
0.0005407308984552994 0.0010814617969105988
0.0001108404167927679 0.0002216808335855358
0.00027505858078780143 0.0005501171615756029
0.00011087308846935429 0.00022174617693870857
1.4140098090420494e-05 2.828019618084099e-05
5.401807446014928e-05 0.00010803614892029856
1.414803192856251e-05 2.829606385712502e-05
2.93783881756271e-05 5.87567763512542e-05
1.4151062051825924e-05 2.830212410365185e-05
1.828593944153134e-06 3.657187888306268e-06
-1.0732345516739628e-06 -2.1464691033479255e-06
1.1487977855662024e-06 2.2975955711324048e-06
1.8339861698191129e-06 3.6679723396382258e-06
3.584233365661049e-08 7.168466731322098e-08
-3.8760408771487675e-07 -7.752081754297535e-07
1.9930142780566484e-07 3.986028556113297e-07
2.992868576301433e-07 5.985737152602866e-07
-2.257108959735632e-07 -4.514217919471264e-07
-2.5161754013680593e-08 -5.0323508027361186e-08
2.6109242345917494e-07 5.221848469183499e-07
2.3748826316616345e-07 4.749765263323269e-07
2.4650505237033826e-07 4.930101047406765e-07
2.3749005706452664e-07 4.749801141290533e-07
2.409337852560256e-07 4.818675705120512e-07
2.3749074218315513e-07 4.7498148436631027e-07
2.38805984653645e-07 4.7761196930729e-07
2.3749100386272204e-07 4.749820077254441e-07
2.3799332649065974e-07 4.759866529813195e-07
2.3749110378279426e-07 4.749822075655885e-07
2.3768295287496244e-07 4.753659057499249e-07
2.374911419744663e-07 4.749822839489326e-07
2.375644136964894e-07 4.751288273929788e-07
2.3749115651838792e-07 4.7498231303677585e-07
2.3751914068892432e-07 4.7503828137784865e-07
2.3749116195848075e-07 4.749823239169615e-07
2.375018498534942e-07 4.750036997069884e-07
2.374911641789268e-07 4.749823283578536e-07
2.3749524602489913e-07 4.7499049204979826e-07
2.374911649560829e-07 4.749823299121658e-07
2.374927238202318e-07 4.749854476404636e-07
2.3749116517812752e-07 4.7498233035625503e-07
2.3749176059073562e-07 4.7498352118147125e-07
2.3749116528914982e-07 4.7498233057829964e-07
2.3749139266282526e-07 4.749827853256505e-07
2.3749116528914982e-07 4.7498233057829964e-07
2.3749125210859034e-07 4.749825042171807e-07
2.3749116528914982e-07 4.7498233057829964e-07
2.3749119848481826e-07 4.749823969696365e-07
2.3749116528914982e-07 4.7498233057829964e-07
2.374911779456923e-07 4.749823558913846e-07
2.3749116528914982e-07 4.7498233057829964e-07
2.3749117017413113e-07 4.7498234034826226e-07
2.3749116528914982e-07 4.7498233057829964e-07
2.3749116717652896e-07 4.749823343530579e-07
2.3749116540017212e-07 4.7498233080034424e-07
2.3749116606630594e-07 4.7498233213261187e-07
2.3749116540017212e-07 4.7498233080034424e-07
2.3749116562221673e-07 4.7498233124443345e-07
2.3749116528914982e-07 4.7498233057829964e-07
2.3749116540017212e-07 4.7498233080034424e-07
-1.253953353312909e-07 -2.507906706625818e-07
1.3227307948127989e-08 2.6454615896255978e-08
9.886852212075325e-08 1.977370442415065e-07
1.3199728574072403e-08 2.6399457148144806e-08
4.59252077089045e-08 9.1850415417809e-08
1.3206239402381929e-08 2.6412478804763858e-08
-7.0010626497779105e-09 -1.4002125299555821e-08
7.261749186221059e-10 1.4523498372442118e-09
5.497583243313665e-09 1.099516648662733e-08
7.206133757384381e-10 1.4412267514768762e-09
2.5454158651521704e-09 5.090831730304341e-09
7.209764254483334e-10 1.4419528508966667e-09
-4.0331447950721214e-10 -8.066289590144243e-10
2.815047057820005e-11 5.63009411564001e-11
2.9362138645964656e-10 5.872427729192931e-10
2.6303303583216153e-11 5.2606607166432306e-11
1.2841881124204036e-10 2.568376224840807e-10
2.6323619757553325e-11 5.264723951510665e-11
6.532398290460366e-11 1.3064796580920731e-10
2.6331378992093448e-11 5.2662757984186896e-11
3.358148374369349e-12 6.716296748738698e-12
1.2828815456220342e-11 2.5657630912440684e-11
3.3600325908225358e-12 6.7200651816450715e-12
6.9771076453977745e-12 1.3954215290795549e-11
3.3607522183413502e-12 6.7215044366827004e-12
4.342749068320477e-13 8.685498136640954e-13
-2.54883724424237e-13 -5.09767448848474e-13
2.7282932491022523e-13 5.456586498204505e-13
4.355555128104141e-13 8.711110256208282e-13
8.512237592278712e-15 1.7024475184557425e-14
-9.205254649906838e-14 -1.8410509299813675e-13
4.733232835927063e-14 9.466465671854126e-14
7.107798459577229e-14 1.4215596919154458e-13
-5.360434372115367e-14 -1.0720868744230734e-13
-5.975694278994602e-15 -1.1951388557989204e-14
6.20071439154933e-14 1.240142878309866e-13
5.6401364382915935e-14 1.1280272876583187e-13
5.854277217320139e-14 1.1708554434640279e-13
5.6401790414018624e-14 1.1280358082803725e-13
5.72196454320504e-14 1.144392908641008e-13
5.6401953123753836e-14 1.1280390624750767e-13
5.671431161082823e-14 1.1342862322165646e-13
5.640201527479634e-14 1.1280403054959268e-13
5.652131245387882e-14 1.1304262490775764e-13
5.640203901818864e-14 1.1280407803637729e-13
5.6447601476286824e-14 1.1289520295257365e-13
5.640204807085327e-14 1.1280409614170653e-13
5.64194494627821e-14 1.128388989255642e-13
5.6402051538394395e-14 1.1280410307678879e-13
5.640869751771723e-14 1.1281739503543446e-13
5.6402052835413595e-14 1.1280410567082719e-13
5.640459110198894e-14 1.1280918220397788e-13
5.640205336480919e-14 1.1280410672961837e-13
5.640302276754754e-14 1.1280604553509508e-13
5.6402053550097644e-14 1.1280410710019529e-13
5.6402423756435154e-14 1.1280484751287031e-13
5.6402053603037204e-14 1.1280410720607441e-13
5.6402195004599836e-14 1.1280439000919967e-13
5.6402053629506983e-14 1.1280410725901397e-13
5.640210762785737e-14 1.1280421525571474e-13
5.6402053629506983e-14 1.1280410725901397e-13
5.6402074222995513e-14 1.1280414844599103e-13
5.6402053629506983e-14 1.1280410725901397e-13
5.6402061491031525e-14 1.1280412298206305e-13
5.6402053629506983e-14 1.1280410725901397e-13
5.640205662059208e-14 1.1280411324118416e-13
5.6402053629506983e-14 1.1280410725901397e-13
5.6402054767707506e-14 1.1280410953541501e-13
5.6402053629506983e-14 1.1280410725901397e-13
5.640205405302346e-14 1.1280410810604691e-13
5.640205365597676e-14 1.1280410731195353e-13
5.640205378832566e-14 1.1280410757665132e-13
5.640205365597676e-14 1.1280410731195353e-13
5.640205370891632e-14 1.1280410741783264e-13
5.6402053629506983e-14 1.1280410725901397e-13
5.640205365597676e-14 1.1280410731195353e-13
-2.9780284330355736e-14 -5.956056866071147e-14
3.14136878042328e-15 6.28273756084656e-15
2.3480400545197753e-14 4.6960801090395505e-14
3.1348189227363235e-15 6.269637845472647e-15
1.0906831102516587e-14 2.1813662205033173e-14
3.136365186939623e-15 6.272730373879246e-15
-1.662690528114038e-15 -3.325381056228076e-15
1.7246012774721956e-16 3.4492025549443913e-16
1.3056274516363621e-15 2.6112549032727242e-15
1.711393104460464e-16 3.422786208920928e-16
6.045137803807454e-16 1.2090275607614909e-15
1.7122553154477212e-16 3.4245106308954423e-16
-9.578362578274752e-17 -1.9156725156549504e-16
6.685488065700576e-18 1.3370976131401153e-17
6.973248527259246e-17 1.3946497054518492e-16
6.246802223280055e-18 1.249360444656011e-17
3.049833314812093e-17 6.099666629624186e-17
6.2516271351973445e-18 1.2503254270394689e-17
1.5513868832130304e-17 3.102773766426061e-17
6.2534698848505845e-18 1.2506939769701169e-17
7.975305711983886e-19 1.5950611423967773e-18
3.046730334090992e-18 6.093460668181984e-18
7.979780559610653e-19 1.5959561119221305e-18
1.6570014262083129e-18 3.3140028524166258e-18
7.981489611363249e-19 1.5962979222726498e-18
1.0313645375189443e-19 2.0627290750378887e-19
-6.053263276977479e-20 -1.2106526553954958e-19
6.479455434266507e-20 1.2958910868533013e-19
1.034405863574646e-19 2.068811727149292e-19
2.0215812271446215e-21 4.043162454289243e-21
-2.1861666553079e-20 -4.3723333106158e-20
1.1241009821976553e-20 2.2482019643953107e-20
1.688039340504978e-20 3.376078681009956e-20
-1.2730558067889143e-20 -2.5461116135778285e-20
-1.4191746019574342e-21 -2.8383492039148684e-21
1.4726148877805177e-20 2.9452297755610355e-20
1.3394825764246794e-20 2.6789651528493588e-20
1.390339118746667e-20 2.780678237493334e-20
1.3394926940391054e-20 2.6789853880782108e-20
1.3589160285096346e-20 2.717832057019269e-20
1.3394965581953635e-20 2.678993116390727e-20
1.3469147959955168e-20 2.6938295919910336e-20
1.3394980343118894e-20 2.6789960686237788e-20
1.3423312370882328e-20 2.6846624741764656e-20
1.33949859787412e-20 2.67899719574824e-20
1.340580666387126e-20 2.681161332774252e-20
1.339498813075375e-20 2.67899762615075e-20
1.3399120808953135e-20 2.679824161790627e-20
1.3394988951169092e-20 2.6789977902338183e-20
1.3396567316690032e-20 2.6793134633380065e-20
1.3394989260402566e-20 2.6789978520805133e-20
1.33955920763519e-20 2.67911841527038e-20
1.3394989386620311e-20 2.6789978773240623e-20
1.3395219607786891e-20 2.6790439215573782e-20
1.3394989430796522e-20 2.6789978861593044e-20
1.3395077354077574e-20 2.679015470815515e-20
1.3394989443418296e-20 2.6789978886836593e-20
1.339502302364931e-20 2.679004604729862e-20
1.3394989449729184e-20 2.6789978899458367e-20
1.3395002273452059e-20 2.6790004546904118e-20
1.3394989449729184e-20 2.6789978899458367e-20
1.3394994346977683e-20 2.6789988693955367e-20
1.3394989449729184e-20 2.6789978899458367e-20
1.3394991317751807e-20 2.6789982635503615e-20
1.3394989449729184e-20 2.6789978899458367e-20
1.3394990162859442e-20 2.6789980325718884e-20
1.3394989449729184e-20 2.6789978899458367e-20
1.3394989721097335e-20 2.678997944219467e-20
1.3394989449729184e-20 2.6789978899458367e-20
1.3394989557014267e-20 2.6789979114028534e-20
1.3394989456040071e-20 2.6789978912080142e-20
1.3394989493905394e-20 2.678997898781079e-20
1.3394989456040071e-20 2.6789978912080142e-20
1.3394989468661845e-20 2.678997893732369e-20
1.3394989449729184e-20 2.6789978899458367e-20
1.3394989456040071e-20 2.6789978912080142e-20
