1 2
-4.0 -3.499999985098839
-1.5 -0.7499999925494194
-0.25 0.6250000037252903
-0.25 0.6250000037252903
-0.6875000055879354 -0.2500000037252903
-0.4687500027939677 0.1875
-0.35937500139698386 0.40625000186264515
-0.35937500139698386 0.40625000186264515
-0.25000000139698386 0.1328125
-0.25000000139698386 0.1328125
0.05078125139698386 0.24218750186264515
-0.099609375 0.18750000093132257
-0.17480468819849193 0.1601562504656613
-0.17480468819849193 0.1601562504656613
-0.0654296875 0.10205078171566129
-0.0654296875 0.10205078171566129
-0.08764648507349193 -0.003906250465661287
-0.07653808628674597 0.049072265625
-0.07098388689337298 0.07556152367033064
-0.07098388689337298 0.07556152367033064
-0.04235839861212298 0.030914306640625
-0.04235839861212298 0.030914306640625
-0.004013061348814517 0.032623291277559474
-0.02318572998046875 0.03176879895909224
-0.032772064296295866 0.03134155279985862
-0.032772064296295866 0.03134155279985862
-0.01424026490713004 0.01781654364458518
-0.01424026490713004 0.01781654364458518
-0.012484550559747731 0.0035438537161098793
-0.013362407733438886 0.01068019868034753
-0.013362407733438886 0.01068019868034753
-0.0026578902870824095 0.009363412919810798
-0.008010149010260648 0.010021805800079164
-0.008010149010260648 0.010021805800079164
-0.0070225596900854725 0.001993417715311807
-0.00751635435017306 0.006007611757695486
-0.00751635435017306 0.006007611757695486
-0.0014950632862564817 0.005266919767791478
-0.004505708818214771 0.005637265762743482
-0.004505708818214771 0.005637265762743482
-0.003950189825900452 0.0011212974645786744
-0.004227949322057611 0.003379281613661078
-0.004227949322057611 0.003379281613661078
-0.0008409730984340058 0.002962642369425339
-0.0025344612102458086 0.0031709619915432086
-0.0025344612102458086 0.0031709619915432086
-0.002221981777097426 0.0006307298237970826
-0.0023782214936716173 0.0019008459076701456
-0.0023782214936716173 0.0019008459076701456
-0.0004730473678193903 0.0016664863328230695
-0.0014256344307455038 0.0017836661202466075
-0.0014256344307455038 0.0017836661202466075
-0.0012498647496244075 0.00035478552587164813
-0.0013377495901849557 0.0010692258230591278
-0.0013377495901849557 0.0010692258230591278
-0.00026608914439663067 0.0009373985622147529
-0.0008019193672907932 0.0010033121926369404
-0.0008019193672907932 0.0010033121926369404
-0.0007030489216646174 0.00019956685829924936
-0.0007524841444777053 0.0006014395254680949
-0.0007524841444777053 0.0006014395254680949
-0.00014967514372443702 0.0005272866912484631
-0.00045107964410107115 0.000564363108358279
-0.00045107964410107115 0.000564363108358279
-0.00039546501843723547 0.00011225635779332777
-0.0004232723312691533 0.00033830973307580336
-0.0004232723312691533 0.00033830973307580336
-8.419226834455174e-05 0.0002965987638283707
-0.0002537322998068525 0.00031745424845208703
-0.0002537322998068525 0.00031745424845208703
-0.00022244907287083393 6.314420125796971e-05
-0.00023809068633884323 0.00019029922485502837
-0.00023809068633884323 0.00019029922485502837
-4.7358150943477284e-05 0.00016683680465323647
-0.00014272441864116026 0.00017856801475413242
-0.00014272441864116026 0.00017856801475413242
-0.0001251276034901494 3.551861320749694e-05
-0.00013392601106565483 0.00010704331398081468
-0.00013392601106565483 0.00010704331398081468
-2.6638959905622706e-05 9.384570261772307e-05
-8.028248548563877e-05 0.00010044450829926888
-8.028248548563877e-05 0.00010044450829926888
-7.038427696326455e-05 1.9979219929189274e-05
-7.533338122445166e-05 6.0211864114229074e-05
-7.533338122445166e-05 6.0211864114229074e-05
-1.4984414946905833e-05 5.278820772244841e-05
-4.5158898085678745e-05 5.650003591833874e-05
-4.5158898085678745e-05 5.650003591833874e-05
-3.959115579182937e-05 1.1238311210165497e-05
-4.237502693875406e-05 3.386917356425212e-05
-4.237502693875406e-05 3.386917356425212e-05
-8.428733407631062e-06 2.9693366843872027e-05
-2.540188017319256e-05 3.178127020406207e-05
-2.540188017319256e-05 3.178127020406207e-05
-2.227002513290055e-05 6.321550055726766e-06
-2.3835952653046555e-05 1.905141012989442e-05
-2.3835952653046555e-05 1.905141012989442e-05
-4.741162541795074e-06 1.6702518849675413e-05
-1.4288557597420815e-05 1.7876964489784916e-05
-1.4288557597420815e-05 1.7876964489784916e-05
-1.2526889137255692e-05 3.5558719063463057e-06
-1.3407723367338253e-05 1.0716418198065611e-05
-1.3407723367338253e-05 1.0716418198065611e-05
-2.666903929760163e-06 9.39516685294177e-06
-8.037313648549208e-06 1.005579252550369e-05
-8.037313648549208e-06 1.005579252550369e-05
-7.046375139706327e-06 2.000177947320339e-06
-7.5418443941277676e-06 6.0279852364120146e-06
-7.5418443941277676e-06 6.0279852364120146e-06
-1.5001334604902543e-06 5.28478135477942e-06
-4.520988927309011e-06 5.656383295595717e-06
-4.520988927309011e-06 5.656383295595717e-06
-3.963586016084673e-06 1.1251000953677991e-06
-4.242287471696842e-06 3.390741695481758e-06
-4.242287471696842e-06 3.390741695481758e-06
-8.438250715257951e-07 2.972689512063505e-06
-2.5430562716113186e-06 3.1817156037726316e-06
-2.5430562716113186e-06 3.1817156037726316e-06
-2.2295171340476288e-06 6.328688036443464e-07
-2.3862867028294737e-06 1.907292203708489e-06
-2.3862867028294737e-06 1.907292203708489e-06
-4.7465160273325977e-07 1.672137850535708e-06
-1.4304691527813667e-06 1.7897150271220985e-06
-1.4304691527813667e-06 1.7897150271220985e-06
-1.2541033879017946e-06 3.559887020499516e-07
-1.3422862703415807e-06 1.072851864586025e-06
-1.3422862703415807e-06 1.072851864586025e-06
-2.669915265374569e-07 9.405775409263527e-07
-8.046388984395188e-07 1.0067147027561889e-06
-8.046388984395188e-07 1.0067147027561889e-06
-7.054331556947645e-07 2.002436449030927e-07
-7.550360270671417e-07 6.034791738296408e-07
-7.550360270671417e-07 6.034791738296408e-07
-1.5018273367731783e-07 5.290748667710717e-07
-4.5260938037222974e-07 5.662770203003562e-07
-4.5260938037222974e-07 5.662770203003562e-07
-3.968061500783046e-07 1.1263705025798752e-07
-4.247077652252672e-07 3.394570352791719e-07
-4.247077652252672e-07 3.394570352791719e-07
-8.447778769349022e-08 2.976046125587289e-07
-2.545927764593787e-07 3.185308239189504e-07
-2.545927764593787e-07 3.185308239189504e-07
-2.2320345941904688e-07 6.335834077011745e-08
-2.388981179392128e-07 1.9094458234453392e-07
-2.388981179392128e-07 1.9094458234453392e-07
-4.75187555775883e-08 1.6740259456428548e-07
-1.4320843675840055e-07 1.791735884544097e-07
-1.4320843675840055e-07 1.791735884544097e-07
-1.25551945923214e-07 3.563906668319112e-08
-1.3438019134080727e-07 1.0740632756880041e-07
-1.3438019134080727e-07 1.0740632756880041e-07
-2.672930001239334e-08 9.41639594424105e-08
-8.055474567660031e-08 1.0078514350560546e-07
-8.055474567660031e-08 1.0078514350560546e-07
-7.06229695818078e-08 2.0046975009295058e-08
-7.558885762920405e-08 6.041605925745026e-08
-7.558885762920405e-08 6.041605925745026e-08
-1.5035231256971353e-08 5.296722718635584e-08
-4.53120444430877e-08 5.669164322190305e-08
-4.53120444430877e-08 5.669164322190305e-08
-3.9725420389766884e-08 1.1276423442728498e-08
-4.251873241642729e-08 3.398403333231577e-08
-4.251873241642729e-08 3.398403333231577e-08
-8.457317582046372e-09 2.9794065292325178e-08
-2.548802499923683e-08 3.188904931232047e-08
-2.548802499923683e-08 3.188904931232047e-08
-2.2345548969243875e-08 6.342988186534789e-09
-2.3916786984240353e-08 1.911601874942763e-08
-2.3916786984240353e-08 1.911601874942763e-08
-4.757241139901092e-09 1.6759161726932903e-08
-1.4337014062070722e-08 1.7937590238180265e-08
-1.4337014062070722e-08 1.7937590238180265e-08
-1.2569371295199675e-08 3.5679308549258154e-09
-1.3453192678635199e-08 1.075276054655304e-08
-1.3453192678635199e-08 1.075276054655304e-08
-2.6759481411943657e-09 9.427028471399762e-09
-8.064570409914782e-09 1.0089894508976401e-08
-8.064570409914782e-09 1.0089894508976401e-08
-7.0702713535498235e-09 2.0069611058957763e-09
-7.567420881732303e-09 6.048427807436089e-09
-7.567420881732303e-09 6.048427807436089e-09
-1.5052208294218285e-09 5.302703515162367e-09
-4.536320855577066e-09 5.675565661299228e-09
-4.536320855577066e-09 5.675565661299228e-09
-3.977027636371777e-09 1.1289156220663673e-09
-4.256674245974421e-09 3.4022406416827976e-09
-4.256674245974421e-09 3.4022406416827976e-09
-8.466867165497726e-10 2.982770727278834e-09
-2.551680481262097e-09 3.192505684480816e-09
-2.551680481262097e-09 3.192505684480816e-09
-2.237078045459127e-09 6.350150374123305e-10
-2.394379263360612e-09 1.913760360946573e-09
-2.394379263360612e-09 1.913760360946573e-09
-4.76261278059247e-10 1.6778085340943475e-09
-1.4353202707099295e-09 1.7957844475204603e-09
-1.4353202707099295e-09 1.7957844475204603e-09
-1.2583564005707636e-09 3.571959585444336e-10
-1.3468383356403466e-09 1.076490203032447e-09
-1.3468383356403466e-09 1.076490203032447e-09
-2.678969689083245e-10 9.437673004280717e-10
-8.073676522743355e-10 1.0101287517302593e-09
-8.073676522743355e-10 1.0101287517302593e-09
-7.078254753210543e-10 2.0092272668124315e-10
-7.575965637976949e-10 6.055257392057512e-10
-7.575965637976949e-10 6.055257392057512e-10
-1.5069204501093154e-10 5.308691064907907e-10
-4.541443044043132e-10 5.68197422848271e-10
-4.541443044043132e-10 5.68197422848271e-10
-3.981518298680924e-10 1.1301903375819803e-10
-4.261480671362028e-10 3.406082283032345e-10
-4.261480671362028e-10 3.406082283032345e-10
-8.476427531864914e-11 2.986138724010689e-10
-2.55456171227426e-10 3.196110503521517e-10
-2.55456171227426e-10 3.196110503521517e-10
-2.2396040430080218e-10 6.357320648898686e-11
-2.397082877641141e-10 1.9159212842056928e-10
-2.397082877641141e-10 1.9159212842056928e-10
-4.767990486673735e-11 1.6797030322560226e-10
-1.4369409631542572e-10 1.7978121582308577e-10
-1.4369409631542572e-10 1.7978121582308577e-10
-1.2597772741920231e-10 3.5759928650051773e-11
-1.3483591186731401e-10 1.0777057223656877e-10
-1.3483591186731401e-10 1.0777057223656877e-10
-2.6819946487538106e-11 9.448329556440163e-11
-8.082792917742606e-11 1.011269339004852e-10
-8.082792917742606e-11 1.011269339004852e-10
-7.086247167330277e-11 2.0114959865651822e-11
-7.584520042536442e-11 6.062094688306851e-11
-7.584520042536442e-11 6.062094688306851e-11
-1.508621989923773e-11 5.3146853754978735e-11
-4.5465710162301073e-11 5.6883900319023623e-11
-4.5465710162301073e-11 5.6883900319023623e-11
-3.986014031623788e-11 1.1314664924429227e-11
-4.2662925239269475e-11 3.4099282621726425e-11
-4.2662925239269475e-11 3.4099282621726425e-11
-8.485998693319129e-12 2.989510523717758e-11
-2.5574461966294302e-11 3.1997193929452e-11
-2.5574461966294302e-11 3.1997193929452e-11
-2.2421328927884943e-11 6.364499019988416e-12
-2.3997895447089623e-11 1.918084647472021e-11
-2.3997895447089623e-11 1.918084647472021e-11
-4.773374264988003e-12 1.681599669591381e-11
-1.4385634856038813e-11 1.799842158531701e-11
-1.4385634856038813e-11 1.799842158531701e-11
-1.2611997521937116e-11 3.580030698739348e-12
-1.3498816188987964e-11 1.0789226142028179e-11
-1.3498816188987964e-11 1.0789226142028179e-11
-2.6850230240530635e-12 9.458998141452734e-12
-8.091919606520514e-12 1.0124112141740456e-11
-8.091919606520514e-12 1.0124112141740456e-11
-7.094248606091825e-12 2.0137672680405214e-12
-7.59308410630617e-12 6.068939704890489e-12
-7.59308410630617e-12 6.068939704890489e-12
-1.5103254510272891e-12 5.3206864545675245e-12
-4.551704778666729e-12 5.694813079729007e-12
-4.551704778666729e-12 5.694813079729007e-12
-3.990514840926574e-12 1.1327440882700533e-12
-4.271109809796652e-12 3.41377858399953e-12
-4.271109809796652e-12 3.41377858399953e-12
-8.495580662036773e-13 2.9928861306964814e-12
-2.5603339380001645e-12 3.2033323573480057e-12
-2.5603339380001645e-12 3.2033323573480057e-12
-2.2446645980222577e-12 6.371685496547225e-13
-2.402499268011211e-12 1.920250453501364e-12
-2.402499268011211e-12 1.920250453501364e-12
-4.778764122410419e-13 1.6834984485162797e-12
-1.4401878401261265e-12 1.801874451008822e-12
-1.4401878401261265e-12 1.801874451008822e-12
-1.2626238363848316e-12 3.5840730918098823e-13
-1.351405838255479e-12 1.080140880094905e-12
-1.351405838255479e-12 1.080140880094905e-12
-2.688054818877057e-13 9.469678772879e-13
-8.101056600715924e-13 1.0135543786914025e-12
-8.101056600715924e-13 1.0135543786914025e-12
-7.102259079661317e-13 2.016041114153657e-13
-7.601657840188621e-13 6.075792450533841e-13
-7.601657840188621e-13 6.075792450533841e-13
-1.5120308356162767e-13 5.326694309732546e-13
-4.556844337902449e-13 5.701243380133194e-13
-4.556844337902449e-13 5.701243380133194e-13
-3.9950207323097495e-13 1.1340231267018678e-13
-4.275932535106099e-13 3.4176332534175307e-13
-4.275932535106099e-13 3.4176332534175307e-13
-8.505173450160611e-14 2.996265549233346e-13
-2.56322494006108e-13 3.2069494013254384e-13
-2.56322494006108e-13 3.2069494013254384e-13
-2.2471991619353493e-13 6.378880087827253e-14
-2.4052120509982147e-13 1.922418705054082e-13
-2.4052120509982147e-13 1.922418705054082e-13
-4.78416006587044e-14 1.685399371451512e-13
-1.4418140287926294e-13 1.803909038252797e-13
-1.4418140287926294e-13 1.803909038252797e-13
-1.2640495286196533e-13 3.588120049568266e-14
-1.3529317787061413e-13 1.0813605216048118e-13
-1.3529317787061413e-13 1.0813605216048118e-13
-2.6910900372589177e-14 9.48037146460604e-14
-8.110203912160165e-14 1.0146988340327079e-13
-8.110203912160165e-14 1.0146988340327079e-13
-7.110278598557928e-14 2.0183175278924895e-14
-7.610241255359047e-14 6.082652934109784e-14
-7.610241255359047e-14 6.082652934109784e-14
-1.5137381457229117e-14 5.3327089488047087e-14
-4.561989700540979e-14 5.707680941457246e-14
-4.561989700540979e-14 5.707680941457246e-14
-3.999531711913724e-14 1.1353036094369404e-14
-4.280760706227352e-14 3.4214922754470934e-14
-4.280760706227352e-14 3.4214922754470934e-14
-8.514777070260065e-15 2.9996487837078185e-14
-2.566119206626679e-14 3.210570529577456e-14
-2.566119206626679e-14 3.210570529577456e-14
-2.2497365874499916e-14 6.386082804039217e-15
-2.4079278970383354e-14 1.924589404990689e-14
-2.4079278970383354e-14 1.924589404990689e-14
-4.789562106338135e-15 1.687302440442737e-14
-1.4434420538360745e-14 1.805945922716713e-14
-1.4434420538360745e-14 1.805945922716713e-14
-1.265476830156277e-14 3.592171580373987e-15
-1.3544594419961757e-14 1.0825815403770558e-14
-1.3544594419961757e-14 1.0825815403770558e-14
-2.6941286848669e-15 9.491076227206053e-15
-8.119361552414329e-15 1.0158445815488306e-14
-8.119361552414329e-15 1.0158445815488306e-14
-7.118307169784154e-15 2.020596514580753e-15
-7.618834361099241e-15 6.0895211650345294e-15
-7.618834361099241e-15 6.0895211650345294e-15
-1.5154473870729382e-15 5.338730378475489e-15
-4.56714087408609e-15 5.714125771755009e-15
-4.56714087408609e-15 5.714125771755009e-15
-4.004047784373605e-15 1.13658553875374e-15
-4.285594329229847e-15 3.4253556552543746e-15
-4.285594329229847e-15 3.4253556552543746e-15
-8.52439154065305e-16 3.0030358406583478e-15
-2.569016741647576e-15 3.214195747956361e-15
-2.569016741647576e-15 3.214195747956361e-15
-2.2522768773918335e-15 6.393293661693642e-16
-2.410646809519705e-15 1.9267625570628627e-15
-2.410646809519705e-15 1.9267625570628627e-15
-4.794970291765165e-16 1.6892076572166945e-15
-1.4450719193481107e-15 1.8079851071397786e-15
-1.4450719193481107e-15 1.8079851071397786e-15
-1.2669057428091233e-15 3.5962277374354377e-16
-1.355988831078617e-15 1.0838039404416612e-15
-1.355988831078617e-15 1.0838039404416612e-15
-2.6971708165182632e-16 9.501793041083128e-16
-8.128529563652217e-16 1.016991622274987e-15
-8.128529563652217e-16 1.016991622274987e-15
-7.126344780812346e-16 2.0228781082527944e-16
-7.627437172232281e-16 6.096397165501332e-16
-7.627437172232281e-16 6.096397165501332e-16
-1.517158576019717e-16 5.344758590779138e-16
-4.572297874125999e-16 5.720577878140235e-16
-4.572297874125999e-16 5.720577878140235e-16
-4.0085689265407414e-16 1.1378689144371997e-16
-4.29043340033337e-16 3.4292233962887174e-16
-4.29043340033337e-16 3.4292233962887174e-16
-8.534016878958513e-17 3.0064267021433864e-16
-2.571917544114611e-16 3.217825049216052e-16
-2.571917544114611e-16 3.217825049216052e-16
-2.2548200400492247e-16 6.400512524802035e-17
-2.4133687920819178e-16 1.9289381508481277e-16
-2.4133687920819178e-16 1.9289381508481277e-16
