1 2
-4.0 -3.499999985098839
-1.5 -0.7499999925494194
-0.25 0.6250000037252903
-0.25 0.6250000037252903
-0.5625 0.2812500046566129
-0.40625 0.4531250041909516
-0.40625 0.4531250041909516
-0.4453125 0.4101562543073669
-0.42578125 0.43164062924915925
-0.435546875 0.4208984417782631
-0.4306640625 0.42626953551371116
-0.4306640625 0.42626953551371116
-0.431884765625 0.42492676207984914
-0.4312744140625 0.42559814879678015
-0.4312744140625 0.42559814879678015
-0.4312744140625 0.42559814879678015
-0.4313507080078125 0.4255142254571638
-0.4313507080078125 0.4255142254571638
-0.4313507080078125 0.4255142254571638
-0.4313507080078125 0.4255142254571638
-0.43134593963623047 0.4255194706658898
-0.4313483238220215 0.4255168480615268
-0.431347131729126 0.4255181593637083
-0.431347131729126 0.4255181593637083
-0.431347131729126 0.4255181593637083
-0.431347131729126 0.4255181593637083
-0.431347131729126 0.4255181593637083
-0.43134716898202896 0.425518118385515
-0.43134715035557747 0.42551813887461165
-0.43134715035557747 0.42551813887461165
-0.43134715035557747 0.42551813887461165
-0.4313471526838839 0.42551813631347457
-0.4313471515197307 0.4255181375940431
-0.4313471515197307 0.4255181375940431
-0.4313471515197307 0.4255181375940431
-0.4313471515197307 0.4255181375940431
-0.4313471515197307 0.4255181375940431
-0.4313471515197307 0.4255181375940431
-0.4313471515197307 0.4255181375940431
-0.4313471515197307 0.4255181375940431
-0.4313471515197307 0.4255181375940431
-0.4313471515197307 0.4255181375940431
-0.4313471515197307 0.4255181375940431
-0.4313471515197307 0.4255181375940431
-0.4313471515197307 0.4255181375940431
-0.4313471515197307 0.4255181375940431
-0.4313471515197307 0.4255181375940431
-0.4313471515197307 0.4255181375940431
-0.4313471515197307 0.4255181375940431
-0.4313471515197307 0.4255181375940431
-0.4313471515197307 0.4255181375940431
-0.4313471515197307 0.4255181375940431
-0.4313471515197307 0.4255181375940431
-0.4313471515197307 0.4255181375940431
-0.20693005551584065 0.22150259018438945
-0.09472150751389563 0.11949481647956262
-0.03861723351292312 0.0684909296271492
-0.010565096512436867 0.04298898620094249
0.0034609719878062606 0.030238014487839138
0.010474006237927824 0.02386252863128746
0.010474006237927824 0.02386252863128746
0.012227264800458215 0.02226865716714954
0.01135063551919302 0.0230655928992185
0.01135063551919302 0.0230655928992185
0.011569792839509319 0.02286635896620126
0.01146021417935117 0.02296597593270988
0.01146021417935117 0.02296597593270988
0.011487608844390707 0.022941071691082726
0.011473911511870938 0.022953523811896304
0.011473911511870938 0.022953523811896304
0.01147733584500088 0.02295041078169291
0.011475623678435909 0.022951967296794606
0.011475623678435909 0.022951967296794606
0.011476051720077152 0.022951578168019182
0.01147583769925653 0.022951772732406894
0.01147583769925653 0.022951772732406894
0.011475891204461686 0.022951724091309966
0.011475864451859108 0.02295174841185843
0.011475877828160397 0.0229517362515842
0.011475871140009752 0.022951742331721314
0.011475874484085047 0.02295173929165273
0.011475874484085047 0.02295173929165273
0.011475874484085047 0.02295173929165273
0.011475874484085047 0.02295173929165273
0.011475874484085047 0.02295173929165273
0.011475874484085047 0.02295173929165273
0.011475874484085047 0.02295173929165273
0.011475874484085047 0.02295173929165273
0.011475874484085047 0.02295173929165273
0.011475874484085047 0.02295173929165273
0.011475874484085047 0.02295173929165273
0.011475874484085047 0.02295173929165273
0.011475874484085047 0.02295173929165273
0.011475874484085047 0.02295173929165273
0.011475874484085047 0.02295173929165273
0.011475874484085047 0.02295173929165273
0.011475874484085047 0.02295173929165273
0.011475874484085047 0.02295173929165273
0.011475874484085047 0.02295173929165273
0.011475874484085047 0.02295173929165273
0.011475874484085047 0.02295173929165273
0.011475874484085047 0.02295173929165273
0.011475874484085047 0.02295173929165273
0.011475874484085047 0.02295173929165273
0.011475874484085047 0.02295173929165273
0.011475874484085047 0.02295173929165273
0.011475874484085047 0.02295173929165273
0.011475874484085047 0.02295173929165273
-0.0459034834183063 -0.040165551024205826
-0.017213804467110627 -0.008606905866276549
-0.00286896499151279 0.00717241671268809
-0.00286896499151279 0.00717241671268809
-0.006455174860412249 0.0032275860679469304
-0.00466206992596252 0.00520000139031751
-0.00466206992596252 0.00520000139031751
-0.005110346159574952 0.004706897559724865
-0.004886208042768736 0.004953449475021188
-0.004998277101171844 0.0048301735173730265
-0.00494224257197029 0.004891811496197107
-0.00494224257197029 0.004891811496197107
-0.0049562512042706786 0.004876402001491087
-0.004949246888120484 0.004884106748844097
-0.004949246888120484 0.004884106748844097
-0.004949246888120484 0.004884106748844097
-0.004950122427639259 0.004883143655424971
-0.004950122427639259 0.004883143655424971
-0.004950122427639259 0.004883143655424971
-0.004950122427639259 0.004883143655424971
-0.004950067706419335 0.004883203848763666
-0.004950095067029297 0.0048831737520943184
-0.004950081386724314 0.0048831888004289906
-0.004950081386724314 0.0048831888004289906
-0.004950081386724314 0.0048831888004289906
-0.004950081386724314 0.0048831888004289906
-0.004950081386724314 0.0048831888004289906
-0.004950081386724314 0.0048831888004289906
-0.004950081600479082 0.004883188565298763
-0.004950081600479082 0.004883188565298763
-0.004950081600479082 0.004883188565298763
-0.004950081573759736 0.00488318859469004
-0.004950081560400062 0.004883188609385681
-0.004950081560400062 0.004883188609385681
-0.004950081560400062 0.004883188609385681
-0.004950081560400062 0.004883188609385681
-0.004950081560400062 0.004883188609385681
-0.004950081560400062 0.004883188609385681
-0.004950081560400062 0.004883188609385681
-0.004950081560400062 0.004883188609385681
-0.004950081560400062 0.004883188609385681
-0.004950081560400062 0.004883188609385681
-0.004950081560400062 0.004883188609385681
-0.004950081560400062 0.004883188609385681
-0.004950081560400062 0.004883188609385681
-0.004950081560400062 0.004883188609385681
-0.004950081560400062 0.004883188609385681
-0.004950081560400062 0.004883188609385681
-0.004950081560400062 0.004883188609385681
-0.004950081560400062 0.004883188609385681
-0.004950081560400062 0.004883188609385681
-0.004950081560400062 0.004883188609385681
-0.004950081560400062 0.004883188609385681
-0.004950081560400062 0.004883188609385681
-0.002374701353664417 0.002541933731338642
-0.0010870112502965948 0.0013713062923151227
-0.00044316619861268364 0.000785992572803363
-0.00012124367277072806 0.0004933357130474832
3.9717590150249726e-05 0.00034700728316954324
0.00012019822161073862 0.0002738430682305733
0.00012019822161073862 0.0002738430682305733
0.00014031837947586084 0.0002555520144958308
0.00013025830054329973 0.00026469754136320203
0.00013025830054329973 0.00026469754136320203
0.00013277332027644 0.0002624111596463592
0.00013151581040986987 0.0002635543505047806
0.00013151581040986987 0.0002635543505047806
0.0001318301878765124 0.0002632685527901753
0.00013167299914319114 0.00026341145164747795
0.00013167299914319114 0.00026341145164747795
0.00013171229632652146 0.0002633757269331523
0.0001316926477348563 0.0002633935892903151
0.0001316926477348563 0.0002633935892903151
0.00013169755988277215 0.0002633891237010244
0.00013169510380881422 0.00026339135649566976
0.00013169510380881422 0.00026339135649566976
0.00013169571782730392 0.00026339079829700886
0.0001316954108180595 0.0002633910773963393
0.00013169556432268172 0.0002633909378466741
0.00013169556432268172 0.0002633909378466741
0.00013169552594652616 0.00026339097273408996
0.0001316955451346035 0.000263390955290382
0.0001316955451346035 0.000263390955290382
0.00013169554033758395 0.00026339095965130857
0.00013169554033758395 0.00026339095965130857
0.00013169554033758395 0.00026339095965130857
0.00013169554033758395 0.00026339095965130857
0.00013169554033758395 0.00026339095965130857
0.00013169554033758395 0.00026339095965130857
0.00013169554033758395 0.00026339095965130857
0.00013169554033758395 0.00026339095965130857
0.00013169554033758395 0.00026339095965130857
0.00013169554033758395 0.00026339095965130857
0.00013169554033758395 0.00026339095965130857
0.00013169554033758395 0.00026339095965130857
0.00013169554033758395 0.00026339095965130857
0.00013169554033758395 0.00026339095965130857
0.00013169554033758395 0.00026339095965130857
0.00013169554033758395 0.00026339095965130857
0.00013169554033758395 0.00026339095965130857
0.00013169554033758395 0.00026339095965130857
0.00013169554033758395 0.00026339095965130857
0.00013169554033758395 0.00026339095965130857
0.00013169554033758395 0.00026339095965130857
0.00013169554033758395 0.00026339095965130857
0.00013169554033758395 0.00026339095965130857
0.00013169554033758395 0.00026339095965130857
0.00013169554033758395 0.00026339095965130857
-0.0005267819798143282 -0.0004609342701570561
-0.00019754321973837214 -9.877165525287376e-05
-3.292383970039409e-05 8.23096521992174e-05
-3.292383970039409e-05 8.23096521992174e-05
-7.40786847098886e-05 3.703932533619461e-05
-5.350126220514135e-05 5.967448876770601e-05
-5.350126220514135e-05 5.967448876770601e-05
-5.864561783132816e-05 5.401569790982816e-05
-5.6073440018234756e-05 5.684509333876708e-05
-5.735952892478146e-05 5.543039562429762e-05
-5.671648447150811e-05 5.613774448153235e-05
-5.671648447150811e-05 5.613774448153235e-05
-5.6877245584826446e-05 5.596090726722367e-05
-5.679686502816728e-05 5.604932587437801e-05
-5.679686502816728e-05 5.604932587437801e-05
-5.679686502816728e-05 5.604932587437801e-05
-5.680691259774966e-05 5.603827354848373e-05
-5.680691259774966e-05 5.603827354848373e-05
-5.680691259774966e-05 5.603827354848373e-05
-5.680691259774966e-05 5.603827354848373e-05
-5.6806284624650764e-05 5.60389643188521e-05
-5.6806598611200225e-05 5.6038618933667916e-05
-5.680644161792551e-05 5.603879162626002e-05
-5.680644161792551e-05 5.603879162626002e-05
-5.680644161792551e-05 5.603879162626002e-05
-5.680644161792551e-05 5.603879162626002e-05
-5.680644161792551e-05 5.603879162626002e-05
-5.680644161792551e-05 5.603879162626002e-05
-5.680644407094542e-05 5.603878892793826e-05
-5.680644407094542e-05 5.603878892793826e-05
-5.680644407094542e-05 5.603878892793826e-05
-5.680644376431792e-05 5.6038789265228485e-05
-5.680644361100417e-05 5.6038789433873585e-05
-5.680644361100417e-05 5.6038789433873585e-05
-5.680644361100417e-05 5.6038789433873585e-05
-5.680644361100417e-05 5.6038789433873585e-05
-5.680644361100417e-05 5.6038789433873585e-05
-5.680644361100417e-05 5.6038789433873585e-05
-5.680644361100417e-05 5.6038789433873585e-05
-5.680644361100417e-05 5.6038789433873585e-05
-5.680644361100417e-05 5.6038789433873585e-05
-5.680644361100417e-05 5.6038789433873585e-05
-5.680644361100417e-05 5.6038789433873585e-05
-5.680644361100417e-05 5.6038789433873585e-05
-5.680644361100417e-05 5.6038789433873585e-05
-5.680644361100417e-05 5.6038789433873585e-05
-5.680644361100417e-05 5.6038789433873585e-05
-5.680644361100417e-05 5.6038789433873585e-05
-5.680644361100417e-05 5.6038789433873585e-05
-5.680644361100417e-05 5.6038789433873585e-05
-5.680644361100417e-05 5.6038789433873585e-05
-5.680644361100417e-05 5.6038789433873585e-05
-5.680644361100417e-05 5.6038789433873585e-05
-5.680644361100417e-05 5.6038789433873585e-05
-2.725174053979073e-05 2.917087598265628e-05
-1.2474389004184011e-05 1.5736919257047625e-05
-5.085713236380651e-06 9.019940894243298e-06
-1.3913753524789712e-06 5.661451712841135e-06
4.557935894718688e-07 3.9822071221400535e-06
1.3793780604472888e-06 3.1425848267895126e-06
1.3793780604472888e-06 3.1425848267895126e-06
1.6102741781911438e-06 2.9326792529518774e-06
1.4948261193192163e-06 3.037632039870695e-06
1.4948261193192163e-06 3.037632039870695e-06
1.5236881340371982e-06 3.0113938431409906e-06
1.5092571266782072e-06 3.024512941505843e-06
1.5092571266782072e-06 3.024512941505843e-06
1.5128648785179533e-06 3.021233166914633e-06
1.5110610025980802e-06 3.022873054210238e-06
1.5110610025980802e-06 3.022873054210238e-06
1.5115119715780468e-06 3.0224630823863334e-06
1.511286487088067e-06 3.0226680682982857e-06
1.511286487088067e-06 3.0226680682982857e-06
1.5113428582105585e-06 3.0226168218202976e-06
1.5113146726493127e-06 3.0226424450592883e-06
1.5113146726493127e-06 3.0226424450592883e-06
1.5113217190396258e-06 3.0226360392495406e-06
1.5113181958444693e-06 3.0226392421544144e-06
1.5113199574420442e-06 3.0226376407019775e-06
1.5113199574420442e-06 3.0226376407019775e-06
1.5113199574420442e-06 3.0226376407019775e-06
1.5113199574420442e-06 3.0226376407019775e-06
1.5113199574420442e-06 3.0226376407019775e-06
1.5113199574420442e-06 3.0226376407019775e-06
1.5113199574420442e-06 3.0226376407019775e-06
1.5113199574420442e-06 3.0226376407019775e-06
1.5113199574420442e-06 3.0226376407019775e-06
1.5113199574420442e-06 3.0226376407019775e-06
1.5113199574420442e-06 3.0226376407019775e-06
1.5113199574420442e-06 3.0226376407019775e-06
1.5113199574420442e-06 3.0226376407019775e-06
1.5113199574420442e-06 3.0226376407019775e-06
1.5113199574420442e-06 3.0226376407019775e-06
1.5113199574420442e-06 3.0226376407019775e-06
1.5113199574420442e-06 3.0226376407019775e-06
1.5113199574420442e-06 3.0226376407019775e-06
1.5113199574420442e-06 3.0226376407019775e-06
1.5113199574420442e-06 3.0226376407019775e-06
1.5113199574420442e-06 3.0226376407019775e-06
1.5113199574420442e-06 3.0226376407019775e-06
1.5113199574420442e-06 3.0226376407019775e-06
1.5113199574420442e-06 3.0226376407019775e-06
1.5113199574420442e-06 3.0226376407019775e-06
1.5113199574420442e-06 3.0226376407019775e-06
1.5113199574420442e-06 3.0226376407019775e-06
1.5113199574420442e-06 3.0226376407019775e-06
1.5113199574420442e-06 3.0226376407019775e-06
1.5113199574420442e-06 3.0226376407019775e-06
-6.045276418495014e-06 -5.289617576865057e-06
-2.266978230526485e-06 -1.13348996808154e-06
-3.7782913654222034e-07 9.445738363102188e-07
-3.7782913654222034e-07 9.445738363102188e-07
-8.501164100382865e-07 4.2505788521227914e-07
-6.139727732902534e-07 6.84815860761249e-07
-6.139727732902534e-07 6.84815860761249e-07
-6.730086824772617e-07 6.198763668740065e-07
-6.434907278837575e-07 6.523461138176277e-07
-6.582497051805096e-07 6.361112403458171e-07
-6.508702165321336e-07 6.442286770817224e-07
-6.508702165321336e-07 6.442286770817224e-07
-6.527150886942276e-07 6.42199317897746e-07
-6.517926526131806e-07 6.432139974897344e-07
-6.517926526131806e-07 6.432139974897344e-07
-6.517926526131806e-07 6.432139974897344e-07
-6.519079571233115e-07 6.430871625407357e-07
-6.519079571233115e-07 6.430871625407357e-07
-6.519079571233115e-07 6.430871625407357e-07
-6.519079571233115e-07 6.430871625407357e-07
-6.519007505914281e-07 6.43095089725048e-07
-6.519043538573698e-07 6.430911261328919e-07
-6.519025522243989e-07 6.430931079289702e-07
-6.519025522243989e-07 6.430931079289702e-07
-6.519025522243989e-07 6.430931079289702e-07
-6.519025522243989e-07 6.430931079289702e-07
-6.519025522243989e-07 6.430931079289702e-07
-6.519025522243989e-07 6.430931079289702e-07
-6.519025803749142e-07 6.430930769634065e-07
-6.519025662996568e-07 6.430930924461883e-07
-6.519025733372855e-07 6.430930847047972e-07
-6.51902569818471e-07 6.430930885754926e-07
-6.51902569818471e-07 6.430930885754926e-07
-6.51902569818471e-07 6.430930885754926e-07
-6.51902569818471e-07 6.430930885754926e-07
-6.51902569818471e-07 6.430930885754926e-07
-6.51902569818471e-07 6.430930885754926e-07
-6.51902569818471e-07 6.430930885754926e-07
-6.51902569818471e-07 6.430930885754926e-07
-6.51902569818471e-07 6.430930885754926e-07
-6.51902569818471e-07 6.430930885754926e-07
-6.51902569818471e-07 6.430930885754926e-07
-6.51902569818471e-07 6.430930885754926e-07
-6.51902569818471e-07 6.430930885754926e-07
-6.51902569818471e-07 6.430930885754926e-07
-6.519025698182562e-07 6.430930885757289e-07
-6.519025698182562e-07 6.430930885757289e-07
-6.519025698182562e-07 6.430930885757289e-07
-6.519025698182562e-07 6.430930885757289e-07
-6.519025698182427e-07 6.430930885757437e-07
-6.519025698182427e-07 6.430930885757437e-07
-6.519025698182427e-07 6.430930885757437e-07
-6.519025698182427e-07 6.430930885757437e-07
-6.519025698182427e-07 6.430930885757437e-07
-3.127370630453716e-07 3.3476076615162137e-07
-1.4315430965893607e-07 1.805946049395602e-07
-5.83629329657183e-08 1.0351152433352963e-07
-1.5967244619109416e-08 6.496998403051434e-08
5.230599554195026e-09 4.569921387900669e-08
1.58295216408473e-08 3.6063828803252815e-08
1.58295216408473e-08 3.6063828803252815e-08
1.847925216251029e-08 3.365498253431437e-08
1.7154386901678795e-08 3.4859405668783646e-08
1.7154386901678795e-08 3.4859405668783646e-08
1.7485603216886615e-08 3.4558299885166354e-08
1.7319995059282705e-08 3.470885277697495e-08
1.7319995059282705e-08 3.470885277697495e-08
1.7361397098683656e-08 3.46712145540228e-08
1.7340696078983234e-08 3.469003366549887e-08
1.7340696078983234e-08 3.469003366549887e-08
1.7345871333908313e-08 3.4685328887629855e-08
1.734328370644572e-08 3.4687681276564364e-08
1.734328370644572e-08 3.4687681276564364e-08
1.7343930613311395e-08 3.468709317933079e-08
1.7343607159878557e-08 3.468738722794763e-08
1.7343607159878557e-08 3.468738722794763e-08
1.7343688023236767e-08 3.468731371579334e-08
1.7343688023236767e-08 3.468731371579334e-08
1.7343688023236767e-08 3.468731371579334e-08
1.7343677915317004e-08 3.468732290481269e-08
1.7343677915317004e-08 3.468732290481269e-08
1.734368044229697e-08 3.46873206075578e-08
1.7343681705786902e-08 3.468731945893041e-08
1.7343681705786902e-08 3.468731945893041e-08
1.7343681705786902e-08 3.468731945893041e-08
1.7343681705786902e-08 3.468731945893041e-08
1.734368162681876e-08 3.468731953071963e-08
1.734368162681876e-08 3.468731953071963e-08
1.734368162681876e-08 3.468731953071963e-08
1.734368162681876e-08 3.468731953071963e-08
1.734368162681876e-08 3.468731953071963e-08
1.734368162681876e-08 3.468731953071963e-08
1.734368162681876e-08 3.468731953071963e-08
1.734368162681876e-08 3.468731953071963e-08
1.734368162681876e-08 3.468731953071963e-08
1.734368162681876e-08 3.468731953071963e-08
1.734368162681876e-08 3.468731953071963e-08
1.734368162681876e-08 3.468731953071963e-08
1.734368162681876e-08 3.468731953071963e-08
1.734368162681876e-08 3.468731953071963e-08
1.734368162681876e-08 3.468731953071963e-08
1.7343681626821196e-08 3.4687319530717404e-08
1.7343681626821196e-08 3.4687319530717404e-08
1.7343681626821196e-08 3.4687319530717404e-08
1.7343681626821196e-08 3.4687319530717404e-08
1.7343681626821196e-08 3.4687319530717404e-08
1.7343681626821196e-08 3.4687319530717404e-08
1.7343681626821196e-08 3.4687319530717404e-08
-6.937466092289732e-08 -6.070284197094921e-08
-2.601548964803806e-08 -1.3007761220115904e-08
-4.335904010608432e-09 1.083977915530075e-08
-4.335904010608432e-09 1.083977915530075e-08
-9.755800419965838e-09 4.877894061446587e-09
-7.045852215287136e-09 7.858836608373667e-09
-7.045852215287136e-09 7.858836608373667e-09
-7.72333926645681e-09 7.113600971641898e-09
-7.3845957408719716e-09 7.486218790007783e-09
-7.553967503664391e-09 7.29990988082484e-09
-7.469281622268181e-09 7.393064335416311e-09
-7.469281622268181e-09 7.393064335416311e-09
-7.490453092617234e-09 7.3697757217684444e-09
-7.479867357442708e-09 7.381420028592378e-09
-7.479867357442708e-09 7.381420028592378e-09
-7.479867357442708e-09 7.381420028592378e-09
-7.481190574339524e-09 7.379964490239385e-09
-7.481190574339524e-09 7.379964490239385e-09
-7.481190574339524e-09 7.379964490239385e-09
-7.481190574339524e-09 7.379964490239385e-09
-7.481107873283475e-09 7.380055461386448e-09
-7.4811492238115e-09 7.380009975812918e-09
-7.481128548547487e-09 7.3800327185996816e-09
-7.481128548547487e-09 7.3800327185996816e-09
-7.481128548547487e-09 7.3800327185996816e-09
-7.481128548547487e-09 7.3800327185996816e-09
-7.481128548547487e-09 7.3800327185996816e-09
-7.481128548547487e-09 7.3800327185996816e-09
-7.481128548547487e-09 7.3800327185996816e-09
-7.481128710072988e-09 7.38003254092166e-09
-7.481128710072988e-09 7.38003254092166e-09
-7.481128669691612e-09 7.380032585341166e-09
-7.481128669691612e-09 7.380032585341166e-09
-7.481128669691612e-09 7.380032585341166e-09
-7.481128669691612e-09 7.380032585341166e-09
-7.481128669691612e-09 7.380032585341166e-09
-7.481128669691612e-09 7.380032585341166e-09
-7.481128669691612e-09 7.380032585341166e-09
-7.481128669691612e-09 7.380032585341166e-09
-7.481128669691612e-09 7.380032585341166e-09
-7.481128669691612e-09 7.380032585341166e-09
-7.481128669652175e-09 7.3800325853845435e-09
-7.481128669652175e-09 7.3800325853845435e-09
-7.481128669652175e-09 7.3800325853845435e-09
-7.481128669652175e-09 7.3800325853845435e-09
-7.481128669652175e-09 7.3800325853845435e-09
-7.481128669652175e-09 7.3800325853845435e-09
-7.481128669652175e-09 7.3800325853845435e-09
-7.481128669652175e-09 7.3800325853845435e-09
-7.481128669652175e-09 7.3800325853845435e-09
-7.481128669652175e-09 7.3800325853845435e-09
-7.481128669652175e-09 7.3800325853845435e-09
-7.481128669652175e-09 7.3800325853845435e-09
-7.481128669652175e-09 7.3800325853845435e-09
-3.5889202084246386e-09 3.841660419093719e-09
-1.6428159778108704e-09 2.0724743359483067e-09
-6.697638625039868e-10 1.187881294375601e-09
-1.8323780485054451e-10 7.455847735892477e-10
6.002522397617744e-11 5.244365131960707e-10
1.816567383895376e-10 4.1386238299948254e-10
1.816567383895376e-10 4.1386238299948254e-10
2.120646169928768e-10 3.862188504503357e-10
1.968606776912072e-10 4.0004061672490954e-10
1.968606776912072e-10 4.0004061672490954e-10
2.0066166251662418e-10 3.965851751562659e-10
1.9876117010391651e-10 3.983128959405873e-10
1.9876117010391651e-10 3.983128959405873e-10
1.9923629320709343e-10 3.9788096574450674e-10
1.9899873165550414e-10 3.9809693084254743e-10
1.9899873165550414e-10 3.9809693084254743e-10
1.9905812204340147e-10 3.9804293956803746e-10
1.9902842684945363e-10 3.9806993520529203e-10
1.9902842684945363e-10 3.9806993520529203e-10
1.9903585064794018e-10 3.980631862959788e-10
1.9903213874869608e-10 3.98066560750635e-10
1.9903399469831813e-10 3.980648735233073e-10
1.9903306672350793e-10 3.9806571713697116e-10
1.9903306672350793e-10 3.9806571713697116e-10
1.9903306672350793e-10 3.9806571713697116e-10
1.990331827203588e-10 3.9806561168526277e-10
1.990331827203588e-10 3.9806561168526277e-10
1.990331827203588e-10 3.9806561168526277e-10
1.990331827203588e-10 3.9806561168526277e-10
1.990331827203588e-10 3.9806561168526277e-10
1.990331827203588e-10 3.9806561168526277e-10
1.9903318453280912e-10 3.980656100375802e-10
1.9903318453280912e-10 3.980656100375802e-10
1.9903318453280912e-10 3.980656100375802e-10
1.9903318453280912e-10 3.980656100375802e-10
1.9903318453280912e-10 3.980656100375802e-10
1.9903318453280912e-10 3.980656100375802e-10
1.9903318453280912e-10 3.980656100375802e-10
1.990331845469688e-10 3.980656100247076e-10
1.990331845469688e-10 3.980656100247076e-10
1.990331845469688e-10 3.980656100247076e-10
1.990331845469688e-10 3.980656100247076e-10
1.9903318454785388e-10 3.9806561002390277e-10
1.9903318454785388e-10 3.9806561002390277e-10
1.9903318454785388e-10 3.9806561002390277e-10
1.9903318454785388e-10 3.9806561002390277e-10
1.9903318454785388e-10 3.9806561002390277e-10
1.9903318454785388e-10 3.9806561002390277e-10
1.9903318454785388e-10 3.9806561002390277e-10
1.9903318454785388e-10 3.9806561002390277e-10
1.9903318454785388e-10 3.9806561002390277e-10
1.9903318454785388e-10 3.9806561002390277e-10
1.9903318454785388e-10 3.9806561002390277e-10
1.9903318454785388e-10 3.9806561002390277e-10
-7.961315995837089e-10 -6.966153868456836e-10
-2.985492075179275e-10 -1.492748884108904e-10
-4.9758011485036804e-11 1.2439536080650618e-10
-4.9758011485036804e-11 1.2439536080650618e-10
-1.1195581049325948e-10 5.597779850215703e-11
-8.085691098914811e-11 9.01865796543316e-11
-8.085691098914811e-11 9.01865796543316e-11
-8.863163586517599e-11 8.163438436628799e-11
-8.474427342716205e-11 8.59104820103098e-11
-8.668795464616902e-11 8.377243318829889e-11
-8.571611403666551e-11 8.484145759930434e-11
-8.571611403666551e-11 8.484145759930434e-11
-8.595907418904143e-11 8.457420149655294e-11
-8.583759411285347e-11 8.470782954792864e-11
-8.583759411285347e-11 8.470782954792864e-11
-8.583759411285347e-11 8.470782954792864e-11
-8.585277912237698e-11 8.469112604150667e-11
-8.585277912237698e-11 8.469112604150667e-11
-8.585277912237698e-11 8.469112604150667e-11
-8.585277912237698e-11 8.469112604150667e-11
-8.585183005928176e-11 8.469217001065806e-11
-8.585230459082937e-11 8.469164802608236e-11
-8.585206732505557e-11 8.469190901837021e-11
-8.585206732505557e-11 8.469190901837021e-11
-8.585206732505557e-11 8.469190901837021e-11
-8.585206732505557e-11 8.469190901837021e-11
-8.585206732505557e-11 8.469190901837021e-11
-8.585206732505557e-11 8.469190901837021e-11
-8.585206732505557e-11 8.469190901837021e-11
-8.585206732505557e-11 8.469190901837021e-11
-8.5852068251875e-11 8.469190799886907e-11
-8.5852068251875e-11 8.469190799886907e-11
-8.5852068251875e-11 8.469190799886907e-11
-8.5852068251875e-11 8.469190799886907e-11
-8.5852068251875e-11 8.469190799886907e-11
-8.5852068251875e-11 8.469190799886907e-11
-8.5852068251875e-11 8.469190799886907e-11
-8.5852068251875e-11 8.469190799886907e-11
-8.5852068251875e-11 8.469190799886907e-11
-8.5852068251875e-11 8.469190799886907e-11
-8.5852068251875e-11 8.469190799886907e-11
-8.585206825232751e-11 8.469190799837127e-11
-8.585206825232751e-11 8.469190799837127e-11
-8.585206825232751e-11 8.469190799837127e-11
-8.585206825232751e-11 8.469190799837127e-11
-8.585206825232751e-11 8.469190799837127e-11
-8.585206825232751e-11 8.469190799837127e-11
-8.585206825232751e-11 8.469190799837127e-11
-8.585206825232751e-11 8.469190799837127e-11
-8.585206825232751e-11 8.469190799837127e-11
-8.585206825232751e-11 8.469190799837127e-11
-8.585206825232751e-11 8.469190799837127e-11
-8.585206825232751e-11 8.469190799837127e-11
-8.585206825232751e-11 8.469190799837127e-11
-4.118579374523073e-11 4.4086194380120265e-11
-1.8852656491682334e-11 2.3783337570994765e-11
-7.686087864908137e-12 1.3631909166432015e-11
-2.102803551521039e-12 8.55619496415064e-12
6.888386051725103e-13 6.018337863009952e-12
2.084659683519285e-12 4.749409312439609e-12
2.084659683519285e-12 4.749409312439609e-12
2.4336149531059786e-12 4.432177174797029e-12
2.2591373183126318e-12 4.590793243618319e-12
2.2591373183126318e-12 4.590793243618319e-12
2.302756727010975e-12 4.551139226412987e-12
2.2809470226618033e-12 4.570966235015653e-12
2.2809470226618033e-12 4.570966235015653e-12
2.2863994487490962e-12 4.566009482864983e-12
2.2836732357054498e-12 4.568487858940318e-12
2.2836732357054498e-12 4.568487858940318e-12
2.2843547889663517e-12 4.567868264921484e-12
2.2840140123359072e-12 4.5681780619309075e-12
2.2840140123359072e-12 4.5681780619309075e-12
2.284099206493515e-12 4.568100612678545e-12
2.284056609414711e-12 4.568139337304733e-12
2.284077907954113e-12 4.5681199749916455e-12
2.2840672586844057e-12 4.568129656148189e-12
2.2840672586844057e-12 4.568129656148189e-12
2.2840672586844057e-12 4.568129656148189e-12
2.2840685898431207e-12 4.56812844600362e-12
2.2840685898431207e-12 4.56812844600362e-12
2.2840689226327963e-12 4.5681281434674675e-12
2.2840689226327963e-12 4.5681281434674675e-12
2.2840689226327963e-12 4.5681281434674675e-12
2.2840689226327963e-12 4.5681281434674675e-12
2.2840689226327963e-12 4.5681281434674675e-12
2.2840689226327963e-12 4.5681281434674675e-12
2.2840689226327963e-12 4.5681281434674675e-12
2.2840689226327963e-12 4.5681281434674675e-12
2.2840689226327963e-12 4.5681281434674675e-12
2.2840689226327963e-12 4.5681281434674675e-12
2.2840689226327963e-12 4.5681281434674675e-12
2.2840689226327963e-12 4.5681281434674675e-12
2.2840689226327963e-12 4.5681281434674675e-12
2.2840689226327963e-12 4.5681281434674675e-12
2.2840689226327963e-12 4.5681281434674675e-12
2.2840689226327963e-12 4.5681281434674675e-12
2.2840689226327963e-12 4.5681281434674675e-12
2.2840689226327963e-12 4.5681281434674675e-12
2.2840689226327963e-12 4.5681281434674675e-12
2.2840689226327963e-12 4.5681281434674675e-12
2.2840689226327963e-12 4.5681281434674675e-12
2.2840689226327963e-12 4.5681281434674675e-12
2.2840689226327963e-12 4.5681281434674675e-12
2.2840689226327963e-12 4.5681281434674675e-12
2.2840689226327963e-12 4.5681281434674675e-12
2.2840689226327963e-12 4.5681281434674675e-12
2.2840689226327963e-12 4.5681281434674675e-12
-9.136261137835316e-12 -7.994231527417192e-12
-3.42609610760126e-12 -1.7130516919748622e-12
-5.710135924842318e-13 1.4275382257463027e-12
-5.710135924842318e-13 1.4275382257463027e-12
-1.2847842212634888e-12 6.423907463160115e-13
-9.278989068738603e-13 1.034964486031157e-12
-9.278989068738603e-13 1.034964486031157e-12
-1.0171202354712674e-12 9.368210511023707e-13
-9.725095711725638e-13 9.858927685667639e-13
-9.948149033219156e-13 9.613569098345673e-13
-9.836622372472397e-13 9.736248392006656e-13
-9.836622372472397e-13 9.736248392006656e-13
-9.864504037659085e-13 9.70557856859141e-13
-9.850563205065741e-13 9.720913480299035e-13
-9.850563205065741e-13 9.720913480299035e-13
-9.850563205065741e-13 9.720913480299035e-13
-9.85230580913991e-13 9.71899661633558e-13
-9.85230580913991e-13 9.71899661633558e-13
-9.85230580913991e-13 9.71899661633558e-13
-9.85230580913991e-13 9.71899661633558e-13
-9.852196896385276e-13 9.719116420333296e-13
-9.852251352762593e-13 9.719056518334438e-13
-9.852224124573932e-13 9.719086469333867e-13
-9.852224124573932e-13 9.719086469333867e-13
-9.852224124573932e-13 9.719086469333867e-13
-9.852224124573932e-13 9.719086469333867e-13
-9.852224124573932e-13 9.719086469333867e-13
-9.852224124573932e-13 9.719086469333867e-13
-9.852224124573932e-13 9.719086469333867e-13
-9.852224124573932e-13 9.719086469333867e-13
-9.852224124573932e-13 9.719086469333867e-13
-9.852224177753988e-13 9.71908641083582e-13
-9.852224177753988e-13 9.71908641083582e-13
-9.852224177753988e-13 9.71908641083582e-13
-9.852224177753988e-13 9.71908641083582e-13
-9.852224177753988e-13 9.71908641083582e-13
-9.852224177753988e-13 9.71908641083582e-13
-9.852224177753988e-13 9.71908641083582e-13
-9.852224177753988e-13 9.71908641083582e-13
-9.852224177753988e-13 9.71908641083582e-13
-9.852224177753988e-13 9.71908641083582e-13
-9.852224177753988e-13 9.71908641083582e-13
-9.852224177753988e-13 9.71908641083582e-13
-9.852224177753988e-13 9.71908641083582e-13
-9.852224177753988e-13 9.71908641083582e-13
-9.852224177753988e-13 9.71908641083582e-13
-9.852224177753988e-13 9.71908641083582e-13
-9.852224177753988e-13 9.71908641083582e-13
-9.852224177753988e-13 9.71908641083582e-13
-9.852224177753988e-13 9.71908641083582e-13
-9.852224177753988e-13 9.71908641083582e-13
-9.852224177753988e-13 9.71908641083582e-13
-9.852224177753988e-13 9.71908641083582e-13
-9.852224177753988e-13 9.71908641083582e-13
-4.726405438498885e-13 5.059249855805698e-13
-2.163496068871334e-13 2.729331578290637e-13
-8.820413840575584e-14 1.5643724395331065e-13
-2.4131404165067056e-14 9.818928701543412e-14
7.904962955277335e-15 6.906530854649586e-14
2.392314651544953e-14 5.4503319312026734e-14
2.392314651544953e-14 5.4503319312026734e-14
2.792769240549258e-14 5.086282200340945e-14
2.5925419460471055e-14 5.268307065771809e-14
2.5925419460471055e-14 5.268307065771809e-14
2.6425987696726436e-14 5.222800849414093e-14
2.6175703578598745e-14 5.245553957592951e-14
2.6175703578598745e-14 5.245553957592951e-14
2.623827460813077e-14 5.239865680548237e-14
2.6206989093364757e-14 5.242709819070594e-14
2.6206989093364757e-14 5.242709819070594e-14
2.621481047205616e-14 5.2419987844400046e-14
2.6210899782710458e-14 5.2423543017553094e-14
2.6210899782710458e-14 5.2423543017553094e-14
2.6211877455046833e-14 5.242265422426478e-14
2.6211388618878646e-14 5.242309862090884e-14
2.621163303696284e-14 5.242287642258681e-14
2.6211510827920642e-14 5.242298752174782e-14
2.6211510827920642e-14 5.242298752174782e-14
2.6211541380181293e-14 5.242295974695752e-14
2.6211541380181293e-14 5.242295974695752e-14
2.6211541380181293e-14 5.242295974695752e-14
2.6211537561148585e-14 5.242296321880641e-14
2.6211537561148585e-14 5.242296321880641e-14
2.621153660639051e-14 5.242296408676848e-14
2.621153660639051e-14 5.242296408676848e-14
2.6211536845079978e-14 5.242296386977796e-14
2.6211536845079978e-14 5.242296386977796e-14
2.6211536845079978e-14 5.242296386977796e-14
2.6211536845079978e-14 5.242296386977796e-14
2.6211536845079978e-14 5.242296386977796e-14
2.6211536845079978e-14 5.242296386977796e-14
2.6211536845079978e-14 5.242296386977796e-14
2.6211536845079978e-14 5.242296386977796e-14
2.6211536845079978e-14 5.242296386977796e-14
2.6211536845079978e-14 5.242296386977796e-14
2.6211536845079978e-14 5.242296386977796e-14
2.6211536845079978e-14 5.242296386977796e-14
2.6211536845079978e-14 5.242296386977796e-14
2.6211536845079978e-14 5.242296386977796e-14
2.6211536845079978e-14 5.242296386977796e-14
2.6211536845079978e-14 5.242296386977796e-14
2.6211536845079978e-14 5.242296386977796e-14
2.621153684507816e-14 5.2422963869779577e-14
2.621153684507816e-14 5.2422963869779577e-14
2.621153684507816e-14 5.2422963869779577e-14
2.621153684507816e-14 5.2422963869779577e-14
2.621153684507816e-14 5.2422963869779577e-14
2.621153684507816e-14 5.2422963869779577e-14
-1.0484598264979518e-13 -9.174026913781414e-14
-3.931722290235851e-14 -1.9658652634017283e-14
-6.552843028640176e-15 1.6382155617881147e-14
-6.552843028640176e-15 1.6382155617881147e-14
-1.474393799706976e-14 7.37195355490654e-15
-1.0648390512854968e-14 1.1877054586393843e-14
-1.0648390512854968e-14 1.1877054586393843e-14
-1.1672277383908666e-14 1.0750779328522017e-14
-1.1160333948381817e-14 1.131391695745793e-14
-1.1416305666145242e-14 1.1032348142989974e-14
-1.128831980726353e-14 1.1173132550223952e-14
-1.128831980726353e-14 1.1173132550223952e-14
-1.1320316271983958e-14 1.1137936448415457e-14
-1.1304318039623744e-14 1.1155534499319705e-14
-1.1304318039623744e-14 1.1155534499319705e-14
-1.1304318039623744e-14 1.1155534499319705e-14
-1.130631781866877e-14 1.1153334742956674e-14
-1.130631781866877e-14 1.1153334742956674e-14
-1.130631781866877e-14 1.1153334742956674e-14
-1.130631781866877e-14 1.1153334742956674e-14
-1.130619283247846e-14 1.1153472227729365e-14
-1.1306255325573615e-14 1.1153403485343019e-14
-1.1306224079026037e-14 1.1153437856536192e-14
-1.1306224079026037e-14 1.1153437856536192e-14
-1.1306224079026037e-14 1.1153437856536192e-14
-1.1306224079026037e-14 1.1153437856536192e-14
-1.1306224079026037e-14 1.1153437856536192e-14
-1.1306224079026037e-14 1.1153437856536192e-14
-1.1306224079026037e-14 1.1153437856536192e-14
-1.1306224079026037e-14 1.1153437856536192e-14
-1.1306224201082862e-14 1.115343772227372e-14
-1.1306224201082862e-14 1.115343772227372e-14
-1.1306224170568656e-14 1.1153437755839334e-14
-1.130622415531155e-14 1.1153437772622142e-14
-1.13062241629401e-14 1.1153437764230738e-14
-1.13062241629401e-14 1.1153437764230738e-14
-1.13062241629401e-14 1.1153437764230738e-14
-1.13062241629401e-14 1.1153437764230738e-14
-1.13062241629401e-14 1.1153437764230738e-14
-1.13062241629401e-14 1.1153437764230738e-14
-1.13062241629401e-14 1.1153437764230738e-14
-1.13062241629401e-14 1.1153437764230738e-14
-1.13062241629401e-14 1.1153437764230738e-14
-1.13062241629401e-14 1.1153437764230738e-14
-1.13062241629401e-14 1.1153437764230738e-14
-1.13062241629401e-14 1.1153437764230738e-14
-1.13062241629401e-14 1.1153437764230738e-14
-1.13062241629401e-14 1.1153437764230738e-14
-1.13062241629401e-14 1.1153437764230738e-14
-1.13062241629401e-14 1.1153437764230738e-14
-1.13062241629401e-14 1.1153437764230738e-14
-1.13062241629401e-14 1.1153437764230738e-14
-1.13062241629401e-14 1.1153437764230738e-14
-1.13062241629401e-14 1.1153437764230738e-14
-5.423932484971915e-15 5.805898479263869e-15
-2.4827866459878227e-15 3.1321288367804347e-15
-1.0122137264957766e-15 1.7952440155387175e-15
-2.769272667497535e-16 1.1268016049178589e-15
9.071596312325806e-17 7.925803996074296e-16
2.7453757805976383e-16 6.254697969522149e-16
2.7453757805976383e-16 6.254697969522149e-16
3.2049298179389027e-16 5.836921462884112e-16
2.9751527992682705e-16 6.045809716203131e-16
2.9751527992682705e-16 6.045809716203131e-16
3.0325970539359286e-16 5.993587652873376e-16
3.0038749266020995e-16 6.0196986845382535e-16
3.0038749266020995e-16 6.0196986845382535e-16
3.011055458435557e-16 6.013170926622034e-16
3.007465192518828e-16 6.016434805580144e-16
3.007465192518828e-16 6.016434805580144e-16
3.0083627589980103e-16 6.015618835840616e-16
3.007913975758419e-16 6.01602682071038e-16
3.007913975758419e-16 6.01602682071038e-16
3.008026171568317e-16 6.015924824492939e-16
3.007970073663368e-16 6.015975822601668e-16
3.0079981226158426e-16 6.015950323547295e-16
3.0079840981396053e-16 6.015963073074474e-16
3.0079840981396053e-16 6.015963073074474e-16
3.007987604258657e-16 6.015959885692683e-16
3.007985851199131e-16 6.015961479383578e-16
3.007986727728894e-16 6.015960682538139e-16
3.0079862894640125e-16 6.015961080960858e-16
3.0079862894640125e-16 6.015961080960858e-16
3.0079862894640125e-16 6.015961080960858e-16
3.0079863442471207e-16 6.015961031158018e-16
3.0079863442471207e-16 6.015961031158018e-16
3.0079863305513436e-16 6.015961043608721e-16
3.0079863305513436e-16 6.015961043608721e-16
3.0079863305513436e-16 6.015961043608721e-16
3.0079863305513436e-16 6.015961043608721e-16
3.0079863305513436e-16 6.015961043608721e-16
3.0079863305513436e-16 6.015961043608721e-16
3.0079863305513436e-16 6.015961043608721e-16
3.0079863305513436e-16 6.015961043608721e-16
3.0079863305513436e-16 6.015961043608721e-16
3.0079863305513436e-16 6.015961043608721e-16
3.0079863305513436e-16 6.015961043608721e-16
3.0079863305513436e-16 6.015961043608721e-16
3.0079863305513436e-16 6.015961043608721e-16
3.0079863305513436e-16 6.015961043608721e-16
3.0079863305513436e-16 6.015961043608721e-16
3.0079863305513436e-16 6.015961043608721e-16
3.0079863305513436e-16 6.015961043608721e-16
3.0079863305513436e-16 6.015961043608721e-16
3.0079863305513436e-16 6.015961043608721e-16
3.0079863305513436e-16 6.015961043608721e-16
3.0079863305513436e-16 6.015961043608721e-16
3.0079863305513436e-16 6.015961043608721e-16
-1.2031927901569155e-15 -1.0527940538686492e-15
-4.511970785508906e-16 -2.2559897475388856e-16
-7.51992227478781e-17 1.8799856480349175e-16
-7.51992227478781e-17 1.8799856480349175e-16
-1.6919868669863122e-16 8.459917991414667e-17
-1.2219895472325466e-16 1.3629887235881921e-16
-1.2219895472325466e-16 1.3629887235881921e-16
-1.339488877170988e-16 1.2337394924765108e-16
-1.2807392122017673e-16 1.2983641080323515e-16
-1.3101140446863777e-16 1.266051800254431e-16
-1.2954266284440725e-16 1.2822079541433913e-16
-1.2954266284440725e-16 1.2822079541433913e-16
-1.2990984825046488e-16 1.2781689156711512e-16
-1.2972625554743606e-16 1.2801884349072713e-16
-1.2972625554743606e-16 1.2801884349072713e-16
-1.2972625554743606e-16 1.2801884349072713e-16
-1.2974920463531467e-16 1.2799359950027563e-16
-1.2974920463531467e-16 1.2799359950027563e-16
-1.2974920463531467e-16 1.2799359950027563e-16
-1.2974920463531467e-16 1.2799359950027563e-16
-1.2974777031732225e-16 1.2799517724967884e-16
-1.2974848747631846e-16 1.2799438837497724e-16
-1.2974812889682036e-16 1.2799478281232804e-16
-1.2974812889682036e-16 1.2799478281232804e-16
-1.2974812889682036e-16 1.2799478281232804e-16
-1.2974812889682036e-16 1.2799478281232804e-16
-1.2974812889682036e-16 1.2799478281232804e-16
-1.2974812889682036e-16 1.2799478281232804e-16
-1.2974812889682036e-16 1.2799478281232804e-16
-1.2974812889682036e-16 1.2799478281232804e-16
-1.2974813029752153e-16 1.2799478127155716e-16
-1.2974812959717092e-16 1.2799478204194255e-16
-1.2974812959717092e-16 1.2799478204194255e-16
-1.2974812959717092e-16 1.2799478204194255e-16
-1.2974812959717092e-16 1.2799478204194255e-16
-1.2974812959717092e-16 1.2799478204194255e-16
-1.2974812959717092e-16 1.2799478204194255e-16
-1.2974812959717092e-16 1.2799478204194255e-16
-1.2974812959717092e-16 1.2799478204194255e-16
-1.2974812959717092e-16 1.2799478204194255e-16
-1.2974812959717092e-16 1.2799478204194255e-16
-1.2974812959717092e-16 1.2799478204194255e-16
-1.2974812959717092e-16 1.2799478204194255e-16
-1.2974812959717092e-16 1.2799478204194255e-16
-1.2974812959717092e-16 1.2799478204194255e-16
-1.2974812959717092e-16 1.2799478204194255e-16
-1.2974812959717092e-16 1.2799478204194255e-16
-1.2974812959717092e-16 1.2799478204194255e-16
-1.2974812959717092e-16 1.2799478204194255e-16
-1.2974812959717092e-16 1.2799478204194255e-16
-1.2974812959717092e-16 1.2799478204194255e-16
-1.2974812959717092e-16 1.2799478204194255e-16
-1.2974812959717092e-16 1.2799478204194255e-16
-1.2974812959717092e-16 1.2799478204194255e-16
