1 2
0.95 1.9450000001490115
0.9018250000476836 1.8918500004328116
0.8554107502102851 1.840485625424312
0.8106952509284019 1.7908447514483659
0.7676186743378639 1.742867427721115
0.726123289167881 1.6964957990859753
0.6861533865332604 1.6516740336082756
0.6476552084088326 1.608348252024009
0.6105768805742264 1.5664664589141033
0.5748683458566666 1.525978476502268
0.5404813016951084 1.4868358818014733
0.5073691374063493 1.4489919446004338
0.47548687547445306 1.4124015687320013
0.4447911144793035 1.3770212340813455
0.41523997381329547 1.3428089426063354
0.38679304003715526 1.3097241640124213
0.3594113166630269 1.277727785024574
0.3330571734905244 1.246782059720731
0.3076942992210389 1.2168505607576225
0.28328765481710444 1.1878981349128428
0.2598034296184779 1.1598908574634084
0.23720899812877186 1.1327959888477135
0.21547287836670884 1.1065819339988934
0.19456469185650357 1.0812182020115557
0.17445512503385552 1.0566753678093783
0.15511589199304587 1.0329250334431
0.13651969864964492 1.0099397942169694
0.11864020779728895 0.9876932029300243
0.1014520055800677 0.9661597357564479
0.08493056945502764 0.9453147609406024
0.06905223660171038 0.9251345071815759
0.0537941742688418 0.9055960334711581
0.03913435030728585 0.8866772002228409
0.02505150526762015 0.8683566409596115
0.011525125578045909 0.8506137356036216
-0.0014645829796790435 0.8334285840266258
-0.01393672008067363 0.8167819810905368
-0.025909715406596596 0.8006553922840268
-0.037401352003216676 0.7850309301414401
-0.04842878889292472 0.7698913318165452
-0.05900858309119933 0.7552199370288164
-0.06915671050548547 0.7410006670155437
-0.07888858631253236 0.727218004340759
-0.08821908464655273 0.713856973020813
-0.097162557542324 0.7009031198047907
-0.10573285318911069 0.688342495771578
-0.11394333355128758 0.6761616386533589
-0.12180689146742217 0.6643475558855445
-0.1293359669670462 0.6528877081409902
-0.13654256325215094 0.6417699934788853
-0.14343826189637177 0.6309827320524365
-0.15003423765301696 0.6205146513380915
-0.15634127268567674 0.6103548718676776
-0.16236977029591793 0.600492893519333
-0.16812976829707615 0.5909185822182208
-0.17363095168024295 0.5816221571029037
-0.17888266500085587 0.572594178231886
-0.1838939243741333 0.5638255346533715
-0.18867342891171568 0.5553074328289239
-0.19322957181371742 0.5470313855972945
-0.19757045116275543 0.5389892014548986
-0.20170388015918428 0.5311729741995095
-0.20563739717006677 0.5235750729185401
-0.20937827532179648 0.5161881324150471
-0.21293353180401023 0.5090050438851921
-0.21630993682891125 0.502018945996171
-0.219514022283256 0.49522321615040876
-0.22255209008231755 0.48861146215953505
-0.22543022021651263 0.4821775142722634
-0.22815427853260184 0.47591541729540204
-0.23072992422152305 0.4698194231246469
-0.23316261708270752 0.46388398352683163
-0.23545762448105956 0.4581037431177554
-0.237620028136298 0.45247353262872075
-0.23965473055839534 0.4469883623965887
-0.24156646138057108 0.441643416105291
-0.24335978338960554 0.436434044704294
-0.24503909839317198 0.43135576056920566
-0.2466086528403684 0.4264042318300215
-0.24807254325132813 0.42157527698807995
-0.24943472153972832 0.4168648596075235
-0.25069900000467893 0.41226908323959094
-0.2518690562527626 0.40778418657042664
-0.2529484379291534 0.4034065386713354
-0.25394056724850084 0.39913263446324154
-0.25484874541871244 0.3949590902929066
-0.25567615686450146 0.3908826396674721
-0.2564258733252063 0.38690012922183264
-0.25710085778962816 0.3830085147325753
-0.25770396835636344 0.37920485730887044
-0.25823796185199166 0.3754863196951209
-0.25870549740269777 0.3718501627226232
-0.25910913989879186 0.3682937419288664
-0.2594513632263988 0.36481450418614436
-0.2597345535270869 0.36140998455368567
-0.2599610122246667 0.3580778031670361
-0.2601329590240493 0.3548156622857659
-0.26025253477972 0.3516213434249966
-0.2603218042384833 0.34849270458005954
-0.26034275871701534 0.3454276775582566
-0.26031731870491054 0.3424242653897836
-0.2602473363140598 0.3394805398643821
-0.26013459768611935 0.3365946391052439
-0.2599808253115043 0.33376476528727106
-0.25978768028784543 0.33098918235999186
-0.2595567644154653 0.32826621391017574
-0.25928962233476344 0.3255942410942971
-0.25898774350993337 0.3229717006082519
-0.2586525641521439 0.32039708275952034
-0.2582854691101238 0.3178689295672684
-0.25788779367227105 0.3153858330114617
-0.2574608252942562 0.3129464332586958
-0.2570058052893728 0.31054941697184585
-0.2565239304397255 0.30819351571284825
-0.25601635456550864 0.30587750435479577
-0.25548419003840533 0.3036001995871648
-0.2549285092297941 0.3013604584489822
-0.25435034592170264 0.2991571769178718
-0.25375069665256883 0.2969892885689497
-0.2531305220490321 0.2948557632523462
-0.25249074805527916 0.2927556058172941
-0.2518322671810164 0.2906878549246922
-0.25115593966562294 0.2886515818317294
-0.2504625946003943 0.2866458892929241
-0.24975303104612967 0.28466991042856726
-0.24902801908319808 0.28272280768164104
-0.24828830081271 0.2808037718119905
-0.24753459137165912 0.27891202088583866
-0.24676757986191653 0.27704679933980714
-0.24598793025594198 0.27520737705425036
-0.24519628230715165 0.273393048468499
-0.24439325238578016 0.27160313173801315
-0.24357943431707094 0.26983696788687866
-0.2427554001519456 0.26809392004877936
-0.24192170094698662 0.2663733726474331
-0.24107886751880864 0.2646747307074131
-0.2402274111262522 0.2629974191090898
-0.23936782419215882 0.2613408818947957
-0.23850058093667026 0.25970458161689947
-0.23762613804312419 0.25808799869519333
-0.2367449352657422 0.25649063079290696
-0.23585739602101963 0.2549119922066913
-0.23496392798377197 0.25335161330782485
-0.2340649236226454 0.25180903996479376
-0.23316076075192535 0.25028383302175117
-0.2322518030321225 0.24877556777232004
-0.23133840048918497 0.24728383346133542
-0.23042088998015967 0.24580823279822853
-0.22949959567282346 0.2443483814913654
-0.22857482947874813 0.24290390779868376
-0.2276468915073201 0.24147445208531482
-0.22671607045922426 0.2400596664184579
-0.22578264404321088 0.23865921414595706
-0.22484687937656417 0.237272769523772
-0.22390903333202003 0.23590001732482255
-0.22296935292659326 0.23454065247577294
-0.2220280756568536 0.23319437971942736
-0.2210854298388585 0.23186091326082733
-0.22014163493877273 0.23053997644361718
-0.21919690188486124 0.22923130144037915
-0.2182514333724975 0.2279346289406405
-0.21730542413890355 0.22664970786449176
-0.21635906127281482 0.22537629507154835
-0.21541252447059372 0.2241141550862105
-0.21446598630631336 0.22286305985319105
-0.2135196124762296 0.22162278844880548
-0.2125735620572231 0.22039312686443938
-0.21162798772333183 0.21917386775741962
-0.2106830359832383 0.21796481022051212
-0.20973884742008514 0.21676575955607605
-0.2087955568637698 0.21557652707117286
-0.20785329363076008 0.21439692988198858
-0.20691218170803033 0.2132267906903164
-0.20597233993234104 0.21206593759962036
-0.20503388219745822 0.21091420394739746
-0.20409691761014975 0.20977142810261487
-0.20316155068110667 0.20863745330738515
-0.20222788146696977 0.2075121275000149
-0.20129600575193754 0.20639530317297816
-0.20036601518513625 0.20528683719596505
-0.19943799743894478 0.20418659067851172
-0.19851203635102127 0.20309442882797363
-0.19758821205701668 0.20201022079818565
-0.1966666011302731 0.2009338395637335
-0.19574727670056735 0.19986516178956867
-0.1948303085938095 0.19880406770527975
-0.19391576343914485 0.19775044098169223
-0.19300370478769754 0.19670416861678153
-0.1920941932220011 0.19566514081692934
-0.1911872864700853 0.19463325089913472
-0.1902830395055934 0.19360839517692716
-0.18938150464557102 0.1925904728649059
-0.18848273164592674 0.1915793859762946
-0.1875867678015492 0.19057503923213723
-0.18669365803478277 0.1895773399635093
-0.18580344497459 0.1885861980346838
-0.18491616904735556 0.18760152574999872
-0.1840318685537203 0.18662323776770998
-0.1831505797500721 0.18565125103945526
-0.1822723369207232 0.1846854847124653
-0.18139717245241616 0.18372586007135602
-0.1805251169018446 0.18277230045663806
-0.17965619907248753 0.18182473120185227
-0.1787904460588469 0.18088307956372068
-0.1779278833302668 0.17994727466393873
-0.17706853478448453 0.17901724742165445
-0.17621242280118155 0.1780929304952608
-0.17535956830135535 0.17717425822884453
-0.17450999081134785 0.17626116658932206
-0.17366370849544172 0.17535359311987322
-0.17282073822338123 0.1744514768852261
-0.17198109561228184 0.17355475842043433
-0.1711447950778528 0.1726633796866392
-0.1703118498704861 0.17177728401984696
-0.16948227213462805 0.17089641608785514
-0.16865607293322674 0.17002072184834305
-0.16783326230244702 0.16915014850463395
-0.16701384928193866 0.1682846444684421
-0.16619784196373066 0.1674241593179633
-0.1653852475155144 0.16656864376178618
-0.16457607222138895 0.16571804959931086
-0.16377032152260645 0.16487232969164523
-0.16296800003969103 0.16403143792085956
-0.16216911160736336 0.16319532916088264
-0.16137365931179365 0.16236395925189043
-0.16058164551504878 0.1615372849549041
-0.15979307187837538 0.16071526393665606
-0.15900793940061692 0.15989785473466525
-0.15822624843334768 0.1590850167316259
-0.15744799871463316 0.15827671012513944
-0.15667318939347738 0.15747289590326743
-0.1559018190449568 0.15667353582590493
-0.15513388569932418 0.15587859239684093
-0.15436938687111237 0.15508802883349035
-0.15360831956611934 0.1543018090599091
-0.15285068031167598 0.15351989767303365
-0.1520964651717803 0.15274225992521875
-0.15134566976805203 0.151968861705611
-0.15059828929952332 0.1511996695180298
-0.1498543185566085 0.15043465046699767
-0.14911375194322304 0.14967377223562126
-0.14837658348726096 0.14891700307045738
-0.1476428068638778 0.1481643117628866
-0.1469124154024756 0.1474156676293225
-0.14618540210882186 0.1466710405100477
-0.14546175967319852 0.14593040073196079
-0.14474148049135677 0.14519371910974058
-0.1440245566691736 0.14446096693653288
-0.14331098004011422 0.1437321159478617
-0.14260074217803761 0.1430071383309425
-0.1418938344100023 0.14228600669674252
-0.1411902478220871 0.14156869407998074
-0.14048997327568927 0.14085517391700905
-0.13979300141916595 0.1401454200376631
-0.13909932269016265 0.1394394066582774
-0.1384089273354037 0.13873710836655134
-0.13772180541418477 0.13803850010874355
-0.13703794680652193 0.13734355718734348
-0.13635734122828563 0.1366522552459375
-0.1356799782335291 0.13596457025989564
-0.13500584722263723 0.13528047852822253
-0.1343349374562966 0.13459995666657248
-0.13366723805665953 0.1339229815944438
-0.13300273801898568 0.13324953053285044
-0.1323414262151344 0.13257958099384468
-0.13168329140637053 0.13191311076654727
-0.1310283222398719 0.13125009792180406
-0.1303765072638633 0.13059052079588782
-0.12972783492994477 0.1299343579881699
-0.12908229360007664 0.12928158835297127
-0.1284398715535643 0.1286321909902492
-0.12780055698822237 0.12798614524326896
-0.12716433802735977 0.12734343069278312
-0.12653120272676446 0.12670402714888243
-0.12590113907936015 0.12606791464750333
-0.12527413501869875 0.12543507343995064
-0.1246501784189603 0.1248054839952258
-0.12402925711008708 0.12417912699245993
-0.1234113588731269 0.12355598330869019
-0.1227964714443077 0.12293603402409849
-0.1221845825249328 0.12231926041444444
-0.12157567978138092 0.12170564394408051
-0.12096975084452413 0.12109516626245953
-0.12036678332078725 0.12048780919947806
-0.11976676479214791 0.11988355476547642
-0.11916968281730067 0.11928238514192546
-0.11857552493864193 0.11868428268142654
-0.11798427867994166 0.11808922990189077
-0.11739593155449243 0.11749720948362867
-0.11681047106627362 0.11690820426818593
-0.11622788470878719 0.1163221972484482
-0.11564815997320681 0.11573917157446179
-0.11507128434721368 0.11515911054179216
-0.1144972453190711 0.11458199759618057
-0.11392603037646028 0.1140078163236487
-0.11335762701404734 0.11343655045340911
-0.11279202273057296 0.11286818384913404
-0.11222920503350893 0.11230270051361203
-0.11166916144080447 0.11174008457885265
-0.11111187948088613 0.11118032030841477
-0.11055734669615035 0.11062339209391411
-0.11000555064296336 0.11006928445269495
-0.10945647889689994 0.10951798202433766
-0.10891011904925094 0.10896946956658413
-0.10836645871167988 0.10842373196174067
-0.10782548551622298 0.10788075420270817
-0.10728718711819951 0.10734052139996693
-0.10675155119737596 0.10680301877866641
-0.10621856545447358 0.1062682316716402
-0.1056882176204816 0.10573614551940609
-0.10516049545083647 0.10520674587249432
-0.10463538673066056 0.10468001838620894
-0.1041128792724338 0.10415594881946363
-0.10359296091832208 0.10363452303245341
-0.10307561954599793 0.10311572698549044
-0.10256084305932733 0.10259954673900412
-0.10204861939942918 0.10208596844946644
-0.10153893653769033 0.10157497837172033
-0.10103178248275059 0.10106656285257688
-0.100527145275846 0.10056070833256146
-0.10002501299546553 0.10005740134474965
-0.0995253737561869 0.09955662851302097
-0.09902821570925867 0.09905837654856643
-0.09853352704318227 0.09856263225279892
-0.09804129598604036 0.09806938251327867
-0.09755151080433266 0.09757861430313115
-0.09706415980297593 0.0970903146793009
-0.09657923132705024 0.09660447078255148
-0.0960967137617989 0.09612106983688337
-0.09561659553379273 0.09564009914662366
-0.09513886511034784 0.09516154609584393
-0.09466351099952576 0.09468539815068854
-0.09419052175187957 0.09421164285238975
-0.09371988595987191 0.09374026782134226
-0.09325159225787488 0.09327126075419276
-0.09278562932449845 0.09280460942267585
-0.09232198587968 0.09234030167419607
-0.09186065068759476 0.09187832542891758
-0.09140161255607368 0.09141866868092823
-0.0909448603354393 0.09096131949532921
-0.09049038292141617 0.09050626600998132
-0.09003816925280247 0.09005349643317662
-0.08958820831496254 0.0896029990436384
-0.08914048913400606 0.0891547621876109
-0.08869500078435508 0.08870877428060542
-0.08825173238292322 0.08826502380681835
-0.08781067309260819 0.08782349931680276
-0.08737181212083654 0.0873841894265954
-0.08693513871956368 0.08694708281975384
-0.08650064218731116 0.08651216824415517
-0.08606831186712936 0.08607943451228696
-0.0856381371468886 0.08564887050008313
-0.08521010746189843 0.08522046514750603
-0.084784212290251 0.08479420745650917
-0.08436044115660463 0.0843700864916193
-0.08393878363101959 0.08394809137964535
-0.08351922932895814 0.08352821130676807
-0.08310176791186659 0.08311043552028628
-0.08268638908630219 0.08269475332832577
-0.08227308260480622 0.08228115409809311
-0.08186183826444884 0.0818696272552936
-0.0814526459077022 0.08146016228442227
-0.08104549542360454 0.08105274872730865
-0.08064037674572298 0.08064737618428103
-0.08023727985331768 0.08024403431154702
-0.07983619477075969 0.07984271282352189
-0.07943711156782207 0.079443401488463
-0.07904002035851569 0.07904609013196227
-0.07864491130341754 0.07865076863461787
-0.07825177460676037 0.07825742693145207
-0.07786060051876098 0.07786605501191138
-0.07747137933387399 0.07747664291928436
-0.07708410139137391 0.07708918075099268
-0.07669875707477308 0.07670365865684493
-0.07631533681298583 0.07632006683990972
-0.07593383107945532 0.07593839555564251
-0.07555423039098945 0.07555863511072153
-0.07517652530979807 0.07518077586479399
-0.07480070644116471 0.07480480822669257
-0.07442676443548384 0.07443072265850993
-0.07405468998622358 0.07405850967181528
-0.07368447383138095 0.0736881598282364
-0.07331610675173555 0.07331966373916862
-0.07294957957288693 0.07295301206577483
-0.07258488316263516 0.07258819551811234
-0.07222200843243605 0.07222520485484188
-0.07186094633681911 0.07186403088380962
-0.07150168787309645 0.07150466446117411
-0.07114422408223596 0.07114709648995107
-0.07078854604798814 0.07079131792146857
-0.07043464489572195 0.07043731975362083
-0.07008251179446212 0.07008509303203231
-0.06973213795397876 0.06973462884831155
-0.06938351462740663 0.06938591834063322
-0.06903663310949903 0.06903895269315603
-0.06869148473779185 0.06869372313573172
-0.06834806088998428 0.06835022094448709
-0.06800635298655815 0.06800843743891369
-0.06766635248844959 0.06766836398506916
-0.06732805089821321 0.06732999199266691
-0.06699143976031317 0.06699331291594922
-0.06665651065879481 0.06665831825397822
-0.066323255219613 0.06632499954859872
-0.06599166510859485 0.06599334838618437
-0.06566173203202177 0.06566335639501834
-0.06533344773721163 0.0653350152473306
-0.06500680401106346 0.06500831665842474
-0.06468179268063957 0.06468325238551392
-0.06435840561287458 0.06435981422801183
-0.0640366347139932 0.06403799402753271
-0.06371647193009247 0.06371778366789137
-0.06339790924655953 0.06339917507335692
-0.06308093868778068 0.06308216021039904
-0.0627655523174324 0.06276673108652382
-0.062451742237317184 0.062452879749691666
-0.06213950058881873 0.0621405982883173
-0.06182881955144675 0.061829878831415296
-0.061519691342982505 0.06152071354816351
-0.061212108219478784 0.061213094647466534
-0.060906062474823365 0.06090701437766464
-0.06060154644103003 0.060602465027115866
-0.060298552487510995 0.060299438923031884
-0.05999707302165897 0.059997928431768995
-0.05969710048753749 0.05969792595810056
-0.059398627366899555 0.05939942394623565
-0.05910164617875106 0.05910241487792725
-0.05880614947833218 0.0588068912731999
-0.058512129857990466 0.05851284569005863
-0.0582195799460167 0.058220270724197935
-0.057928492408100093 0.05792915900885625
-0.05763885994499996 0.05763950321481595
-0.057350675294146454 0.05735129604953024
-0.05706393122891295 0.057064530258141774
-0.05677862055832502 0.05677919862144542
-0.056494736126478345 0.05649529395734341
-0.05621227081326633 0.05621280911997225
-0.055931217533798004 0.05593173699970272
-0.05565156923796148 0.05565207052270331
-0.0553733189108605 0.055373802650794696
-0.055096459572377895 0.055096926381304236
-0.05482098427659348 0.054821434747357
-0.05454688611222064 0.05454732081642056
-0.054274158202315265 0.05427457769205126
-0.05400279370383923 0.05400319851127484
-0.053732785807514845 0.05373317644662371
-0.05346412773797037 0.05346450470511833
-0.05319681275359453 0.05319717652710302
-0.05293083414639095 0.05293118518784673
-0.05266618524139612 0.052666523996524356
-0.05240285939653386 0.052403186295343636
-0.05214085000305185 0.05214116546041828
-0.0518801504847941 0.05188045490133141
-0.05162075429863744 0.051621048060698976
-0.05136265493361843 0.05136293841402426
-0.05110584591136994 0.0511061194696979
-0.050850320785248 0.0508505847688523
-0.05059607314105942 0.05059632788521618
-0.050343096596479696 0.05034334242453248
-0.0500913848009075 0.05009162202484937
-0.049840931435319175 0.04984116035622925
-0.04959173021197766 0.049591951120748726
-0.04934377487457804 0.04934398805147999
-0.04909705919781099 0.04909726491350944
-0.04885157698765378 0.0488517755032101
-0.048607322080351685 0.048607513647805044
-0.04836428834343659 0.04836447320594949
-0.04812246967470836 0.048122648066857676
-0.04788186000223485 0.047882032150593896
-0.04764245328449741 0.04764261940763596
-0.04740424350995435 0.047404403818729644
-0.0471672246970409 0.047167379395034244
-0.046931390894169256 0.046931540177685985
-0.04669673617900097 0.04669688023750701
-0.046463254659028994 0.04646339367544193
-0.04623094047099565 0.04623107462183021
-0.045999787780747085 0.045999917236406195
-0.04576979078352431 0.0457699157082991
-0.04554094370352666 0.045541064255887484
-0.04531324079332969 0.045313357126217174
-0.04508667633446728 0.04508678859572888
-0.044861244636849526 0.044861352968802976
-0.04463694003876278 0.04463704457892368
-0.04441375690672409 0.044413857787951434
-0.04419168963548124 0.044191786985686356
-0.04397073264764892 0.043970826590377564
-0.043750880393490454 0.04375097104828661
-0.04353212735128161 0.043532214833250926
-0.043314468026655756 0.043314552446974866
-0.04309789695282214 0.04309797841844762
-0.04288240868991104 0.042882487304452536
-0.04266799782562864 0.04266807368883953
-0.04245465897445663 0.042454732182525066
-0.04224238677772499 0.04224245742334667
-0.04203117590361197 0.04203124407664497
-0.0418210210466348 0.04182108683366302
-0.041611916928304515 0.04161198041263767
-0.04140385829596179 0.041403919558290245
-0.04119683992350455 0.041196899041535534
-0.04099085661066037 0.040990913659554526
-0.040785903183423025 0.040785958235357855
-0.040581974493252154 0.04058202761844065
-0.04037906541765532 0.040379116683400086
-0.04017717085953317 0.04017722033102679
-0.03997628574717946 0.039976333487431716
-0.03977640503442653 0.0397764511039734
-0.039577523700208804 0.03957756815747622
-0.039379636748489974 0.03937967964986661
-0.03918273920833581 0.03918278060802755
-0.038986826133404796 0.03898686608394406
-0.03879189260202093 0.0387919311541939
-0.03859793371731921 0.03859797092016585
-0.03840494460673635 0.038404980507477614
-0.038212920422229034 0.03821295506641242
-0.0380218563397646 0.03802188977140965
-0.037831747559612085 0.03783177982106487
-0.03764258930576016 0.037642620437984324
-0.03745437682635366 0.037454406868784894
-0.037267105392820486 0.03726713438373033
-0.037080770300817495 0.03708079827709505
-0.03689536686899355 0.03689539386599998
-0.036710890439644386 0.0367109164917222
-0.03652733637827604 0.03652736151845809
-0.036344700073532105 0.036344724333832595
-0.03616297693704818 0.03616300034824442
-0.03598216240352466 0.03598218499544808
-0.03580225193036294 0.035802273731680795
-0.035623240997738136 0.03562326203602632
-0.03544512510830809 0.03544514541026936
-0.03526789978728612 0.035267919378677355
-0.03509156058229546 0.035091579487927696
-0.03491610306300554 0.03491612130688943
-0.03474152282127743 0.03474154042669604
-0.0345678154713094 0.034567832460454403
-0.0343949766487638 0.03439499304331755
-0.03422300201142188 0.034223017832193614
-0.03405188723867449 0.034051902505673096
-0.03388162803152208 0.03388164276417436
-0.0337122201123564 0.033712234329361566
-0.033543659225033294 0.033543672944435714
-0.03337594113472714 0.033375954373916356
-0.033209061627567094 0.03320907440342333
-0.033043016511073615 0.033043028839749494
-0.03287780161343089 0.03287781351071524
-0.03271341278377785 0.032713424264659154
-0.03254984589206269 0.03254985697123837
-0.032387096828824534 0.03238710752019168
-0.03222516150504797 0.03222517182221262
-0.03206403585223578 0.03206404580829466
-0.03190371582226342 0.03190372542994945
-0.031744197387233525 0.03174420665869756
-0.03158547653933036 0.03158548548635944
-0.031427549290819826 0.031427557924764454
-0.031270411673831204 0.031270420005678076
-0.031114059740357133 0.031114067780656385
-0.030958489562253617 0.030958497321155208
-0.030803697230803465 0.03080370471812994
-0.03064967885700733 0.03064968608225381
-0.030496430571110778 0.03049643754344497
-0.030343948522858936 0.03034395525115751
-0.030192228881169084 0.03019223537398129
-0.030041267834130646 0.03004127409975108
-0.02989106158896882 0.02989106763525551
-0.02974160637171715 0.029741612206346236
-0.02959289842736305 0.029592904057756005
-0.029444934019629526 0.02944493945298955
-0.02929770943101155 0.029297714674214423
-0.029151220962412277 0.029151226022188257
-0.029005464933470445 0.029005469816149616
-0.028860437682051068 0.028860442393817992
-0.02871613556431819 0.028716140111175535
-0.028572554954698515 0.028572559342357907
-0.028429692245772256 0.0284296964797998
-0.028287543848018484 0.02828754793390753
-0.028146106190033403 0.028146110132949886
-0.028005375718202937 0.028005379523167263
-0.027865348896702724 0.027865352568517025
-0.027726022207316216 0.027726025750600725
-0.02758739214943469 0.02758739556866412
-0.02744945523998447 0.0274494585395244
-0.027312208013281433 0.027312211197388293
-0.027175647020994603 0.02717565009367017
-0.027039768831964267 0.0270397717970648
-0.026904570032311115 0.02690457289365649
-0.026770047225108812 0.026770049986337013
-0.026636197030420392 0.026636199694951117
-0.026503016085261864 0.026503018656442053
-0.02637050104342032 0.026370503524596915
-0.02623864857538118 0.026238650969755598
-0.026107455368437317 0.026107457678992703
-0.025976918126252517 0.025976920355972013
-0.025847033569043366 0.025847035720800975
-0.02571779843350649 0.02571780050988518
-0.025589209472527533 0.025589211476219405
-0.02546126345521751 0.02546126538876915
-0.02533395716694921 0.025333959032834443
-0.025207287409102525 0.02520728920964966
-0.025081250999100836 0.025081252736565418
-0.024955844770156353 0.02495584644683031
-0.024831065571452007 0.024831067189481745
-0.024706910267850424 0.02470691182927321
-0.024583375739930295 0.02458337724671064
-0.024460458883840863 0.024460460337906897
-0.024338156611265538 0.02433815801439987
-0.02421646584927638 0.024216467203261618
-0.024095383540334105 0.024095384846952856
-0.02397490664221531 0.023974907903141048
-0.02385503212790335 0.023855033344736785
-0.023735756985515572 0.023735758159784657
-0.023617078218194174 0.023617079351317717
-0.023498992844106205 0.02349899393757578
-0.02338149789629805 0.023381498951496087
-0.02326459042265905 0.02326459144089522
-0.02314826748581235 0.02314826846843271
-0.02303252616311492 0.02303252711135638
-0.022917363546512016 0.02291736446157511
-0.0228027767425372 0.02280277762551332
-0.02268876287205766 0.022688763724147343
-0.022575319070456127 0.022575319892750762
-0.022462442487448962 0.022462443280967186
-0.022350130286940648 0.022350131052664715
-0.022238379646987404 0.02223838038593595
-0.022127187759797187 0.02212718847295246
-0.02201655183169331 0.02201655251989205
-0.02190646908285979 0.02190646974695692
-0.0217969367474141 0.021796937388264544
-0.021687952073298027 0.02168795269173852
-0.021579512322204925 0.021579512919017635
-0.02147161476954333 0.021471615345474038
-0.021364256704327806 0.021364257260122303
-0.021257435429106214 0.021257435965510284
-0.021151148259977878 0.02115114877766455
-0.021045392526429882 0.02104539302601761
-0.02094016557126432 0.02094016605337156
-0.02083546475061647 0.02083546521587987
-0.02073128743384567 0.020731287882847303
-0.020627631003407972 0.02062763143669354
-0.020524492854892544 0.02052449327300774
-0.02042187039687613 0.020421870800384843
-0.020319761050923063 0.020319761440334608
-0.020218162251476116 0.02021816262728162
-0.0201170714458747 0.02011707180851072
-0.0200164860941002 0.020016486444021486
-0.019916403668866933 0.01991640400654642
-0.019816821655603944 0.019816821981423618
-0.01971773755221855 0.01971773786661497
-0.019619148869150903 0.019619149172560628
-0.019521053129355804 0.01952105342216082
-0.01942344786808442 0.01942344815068491
-0.019326330632993428 0.019326330905716806
-0.019229698983944922 0.01922969924710042
-0.01913355049295185 0.01913355074692145
-0.019037882744268948 0.019037882989380073
-0.018942693334229054 0.01894269357075455
-0.01884797987111576 0.018847980099328476
-0.018753739975163417 0.01875374019539077
-0.01865997127861171 0.01865997149109017
-0.018566671425378236 0.018566671630453408
-0.018473838071331346 0.01847383826925789
-0.01838146888394455 0.018381469074922555
-0.01828956154238746 0.018289561726726154
-0.018198113737453028 0.01819811391533431
-0.018107123171466597 0.018107123343108746
-0.018016587558194956 0.01801658772381625
-0.017926504622882717 0.017926504782719625
-0.017836872102179553 0.017836872256413974
-0.017747687743958306 0.01774768789282671
-0.01765894930747869 0.017658949451126595
-0.01757065456309625 0.017570654701723747
-0.017482801292353325 0.017482801426142308
-0.01739538728788808 0.01739538741700226
-0.01730841035339814 0.01730841047798304
-0.017221868303495067 0.01722186842373258
-0.01713575896379531 0.017135759079812764
-0.017050080170701917 0.017050080282663024
-0.01696482977153188 0.01696482987958216
-0.01688000562427966 0.016880005728564632
-0.01679560559774451 0.016795605698373312
-0.016711627571257635 0.01671162766837579
-0.016628069434882275 0.01662806952859892
-0.01654492908912267 0.016544929179546947
-0.016462204445033202 0.016462204532292437
-0.01637989342410925 0.016379893508312583
-0.01629799395823262 0.01629799403948919
-0.016216503989671546 0.016216504068072304
-0.0161354214708988 0.016135421546571074
-0.016054744364682627 0.016054744437680988
-0.015974470643941238 0.015974470714393015
-0.015894598291760993 0.015894598359757133
-0.015815125301305452 0.015815125366918713
-0.015736049675797184 0.01573604973911852
-0.01565736942835407 0.015657369489474424
-0.015579082582134798 0.015579082641126936
-0.015501187170093326 0.0155011872270391
-0.015423681235097101 0.015423681290060177
-0.015346562829736067 0.015346562882789204
-0.015269830016386331 0.015269830067575004
-0.015193480867082835 0.015193480916452519
-0.015117513463501164 0.015117513511115522
-0.015041925896912072 0.015041925942843865
-0.014966716268117818 0.0149667163124489
-0.014891882687433973 0.014891882730218915
-0.014817423274643953 0.01481742331591004
-0.014743336158889871 0.01474333619870986
-0.01466961947869073 0.014669619517110098
-0.01459627138187876 0.014596271418952077
-0.014523290025535754 0.014523290061299397
-0.014450673575947585 0.014450673610447032
-0.014378420208567841 0.01437842024187585
-0.014306528108008715 0.014306528140179856
-0.014234995467959161 0.014234995498984339
-0.014163820491075748 0.014163820521027722
-0.014093001389064521 0.014093001417979669
-0.014022536382553663 0.014022536410450178
-0.01395242370106622 0.01395242372796229
-0.013882661582956425 0.013882661608915717
-0.01381324827541881 0.013813248300495892
-0.013744182034424521 0.013744182058619393
-0.013675461124603099 0.013675461147943045
-0.013607083819324326 0.013607083841863916
-0.0135390484005709 0.013539048422319231
-0.013471353158892961 0.013471353179877318
-0.013403996393398992 0.013403996413655753
-0.013336976411737632 0.013336976431284987
-0.013270291529970345 0.01327029154883558
-0.013203940072598707 0.013203940090809104
-0.013137920372509835 0.01313792039009268
-0.013072230770903625 0.013072230787886203
-0.013006869617320043 0.01300686963371145
-0.012941835269493603 0.012941835285293838
-0.012877126093389743 0.012877126108616995
-0.012812740463141162 0.012812740477840907
-0.012748676761056921 0.01274867677524735
-0.012684933377467822 0.012684933391158029
-0.012621508710790074 0.012621508723998249
-0.012558401167434348 0.012558401180169584
-0.012495609161787578 0.012495609174077162
-0.0124331311161584 0.012433131128020521
-0.012370965460758962 0.012370965472202714
-0.012309110633623058 0.012309110644675728
-0.01224756508063343 0.012247565091276827
-0.012186327255394426 0.012186327265655834
-0.012125395619277479 0.012125395629165994
-0.012064768641321062 0.012064768650863969
-0.012004444798257975 0.012004444807464367
-0.011944422574397106 0.011944422583285175
-0.011884700461659816 0.011884700470247752
-0.01182527695947989 0.011825276967776788
-0.011766150574803545 0.011766150582818498
-0.011707319822053036 0.011707319829786044
-0.01164878322305391 0.011648783230523164
-0.01159053930705319 0.011590539314249595
-0.011532586610637522 0.011532586617570173
-0.011474923677687697 0.011474923684374784
-0.011417549059396846 0.011417549065847465
-0.011360461314197677 0.011360461320420923
-0.011303659007726095 0.011303659013731062
-0.01124714071277573 0.011247140718571514
-0.011190905009297933 0.011190905014884534
-0.011134950484338118 0.011134950489724628
-0.011079275731999372 0.011079275737194888
-0.011023879353415181 0.011023879358428797
-0.010968759956726684 0.010968759961558402
-0.010913916157014467 0.010913916161677929
-0.010859346576303108 0.010859346580802861
-0.01080504984348387 0.010805049847833556
-0.010751024594332888 0.010751024598523413
-0.010697269471424773 0.010697269475469779
-0.010643783124123514 0.010643783128032096
-0.01059056420855974 0.010590564212336444
-0.0105376113875716 0.010537611391216428
-0.010484923330682036 0.010484923334204081
-0.010432498714085126 0.01043249871748439
-0.010380336220564244 0.010380336223849821
-0.010328434539505691 0.01032843454268213
-0.010276792366857775 0.010276792369915978
-0.010225408405076237 0.010225408408016204
-0.010174281363092418 0.010174281365932342
-0.010123409956317813 0.010123409959057694
-0.010072792906575855 0.010072792909215691
-0.01002242894208372 0.01002242894462806
-0.009972316797415956 0.009972316799864798
-0.009922455213468098 0.009922455215830538
-0.009872842937438477 0.009872842939714516
-0.009823478722782752 0.00982347872499058
-0.00977436132920026 0.009774361331339876
-0.00972548952257945 0.00972548952465995
-0.009676862074997884 0.00967686207701017
-0.00962847776465402 0.009628477766589
-0.009580335375858125 0.00958033537772944
-0.009532433699009529 0.009532433700808085
-0.009484771530546608 0.009484771532267858
-0.009437347672910403 0.009437347674581632
-0.009390160934567359 0.009390160936188566
-0.009343210129918372 0.009343210131480463
-0.009296494079289697 0.009296494080801767
-0.009250011608914756 0.009250011610376805
-0.009203761550888668 0.009203761552305241
-0.009157742743154595 0.0091577427445166
-0.009111954029462832 0.009111954030779362
-0.009066394259334412 0.009066394260596371
-0.009021062288052018 0.00902106228927305
-0.00897595697662815 0.008975956977812803
-0.00893107719175965 0.008931077192903376
-0.008886421805823157 0.008886421806921408
-0.008841989696811435 0.008841989697868759
-0.008797779748342473 0.008797779749363419
-0.008753790849618564 0.008753790850603129
-0.008710021895385363 0.008710021896338096
-0.008666471785927353 0.008666471786839158
-0.00862313942700872 0.00862313942789324
-0.008580023729886999 0.00858002373073514
-0.008537123611253956 0.008537123612070265
-0.008494437993212851 0.008494437993997328
-0.008451965803255699 0.008451965804017438
-0.008409705974254176 0.00840970597498863
-0.008367657444395955 0.008367657445103123
-0.008325819157184706 0.008325819157869138
-0.008284190061403716 0.00828419006206541
-0.008242769111106791 0.008242769111741202
-0.008201555265563694 0.008201555266175367
-0.008160547489246493 0.008160547489830881
-0.00811974475180683 0.008119744752368482
-0.008079146028057732 0.008079146028601193
-0.008038750297928129 0.008038750298448853
-0.007998556546444671 0.007998556546951753
-0.007958563763718085 0.007958563764211526
-0.007918770944902245 0.007918770945377495
-0.007879177090180529 0.007879177090646684
-0.00783978120473854 0.007839781205186504
-0.00780058229871862 0.007800582299152942
-0.0077615793872312325 0.007761579387651913
-0.007722771490300384 0.007722771490709697
-0.007684157632854531 0.007684157633245654
-0.007645736844694748 0.0076457368450722285
-0.007607508160474264 0.007607508160840375
-0.007569470619673449 0.007569470620032739
-0.007531623266581629 0.007531623266925002
-0.0074939651502538805 0.007493965150585886
-0.007456495324504213 0.007456495324829397
-0.007419212847885101 0.007419212848201191
-0.007382116783653383 0.007382116783953557
-0.007345206199740697 0.0073452062000295025
-0.007308480168744391 0.007308480169024102
-0.007271937767907057 0.007271937768175399
-0.007235578079073331 0.007235578079332577
-0.007199400188683067 0.0071994001889309454
-0.007163403187741788 0.007163403187980572
-0.007127586171807034 0.007127586172036723
-0.007091948240954262 0.007091948241170309
-0.007056488499749557 0.007056488499963332
-0.007021206057254185 0.007021206057461138
-0.00698610002697229 0.0069861000271701475
-0.006951169526841805 0.0069511695270282935
-0.00691641367921171 0.006916413679389104
-0.006881831610817026 0.006881831610987599
-0.006847422452765168 0.006847422452933467
-0.006813185340504115 0.006813185340665593
-0.006779119413799672 0.006779119413958877
-0.0067452238167331965 0.0067452238168901274
-0.006711497697651576 0.006711497697806233
-0.0066779402091626805 0.0066779402093127905
-0.006644550508119447 0.006644550508267283
-0.006611327755583498 0.00661132775572224
-0.0065782711168046815 0.00657827111694115
-0.006545379761221067 0.0065453797613552606
-0.006512652862413471 0.006512652862547665
-0.006480089598107735 0.00648008959823056
-0.0064476891501156035 0.006447689150233881
-0.006415450704368833 0.006415450704482563
-0.006383373450848704 0.006383373450960161
-0.006351456583595119 0.006351456583704302
-0.006319699300679314 0.00631969930078395
-0.006288100804176576 0.006288100804278937
-0.006256660300154873 0.006256660300254961
-0.006225376998654393 0.006225376998752208
-0.006194250113664803 0.006194250113758071
-0.0061632788630979676 0.006163278863186687
-0.006132462468781124 0.00613246246886757
-0.0061018001564386954 0.0061018001565205935
-0.006071291155658184 0.006071291155735534
-0.0060409346998810745 0.006040934699956151
-0.006010730026384647 0.0060107300264551754
-0.00598067637625469 0.005980676376320671
-0.005950772994374132 0.0059507729944378385
-0.005921019129400304 0.005921019129464011
-0.0058914140337513006 0.005891414033815007
-0.005861956963583236 0.005861956963646943
-0.005832647178767514 0.005832647178828946
-0.005803483942874903 0.005803483942936336
-0.005774466523159629 0.005774466523221062
-0.005745594190545728 0.005745594190607161
-0.005716866219592942 0.0057168662196521005
-0.005688281888496715 0.0056882818885536
-0.005659840479054094 0.005659840479110979
-0.005631541276661449 0.005631541276713787
-0.0056033835702780956 0.005603383570330433
-0.005575366652428569 0.005575366652478632
-0.005547489819168517 0.005547489819214033
-0.005519752370075607 0.0055197523701143005
-0.005492153608225648 0.005492153608263205
-0.005464692840183501 0.0054646928402187845
-0.005437369375984885 0.005437369376019031
-0.0054101825291056815 0.005410182529139828
-0.0053831316164608 0.0053831316164949464
-0.005356215958378029 0.005356215958412175
-0.005329434878587803 0.005329434878617402
-0.005302787704194784 0.005302787704224383
-0.0052762737656755826 0.005276273765704044
-0.005249892396846931 0.005249892396874256
-0.005223642934864543 0.005223642934888456
-0.005197524720190146 0.005197524720212922
-0.005171537096589205 0.005171537096611981
-0.005145679411105917 0.005145679411128693
-0.005119951014050699 0.005119951014073475
-0.005094351258978592 0.005094351259001368
-0.005068879502684709 0.005068879502705212
-0.005043535105171273 0.0050435351051917755
-0.00501831742964761 0.005018317429664702
-0.004993225842500592 0.0049932258425176845
-0.004968259713288958 0.0049682597133060506
-0.0049434184147217055 0.004943418414737661
-0.004918701322646726 0.0049187013226626814
-0.004894107816033753 0.004894107816049708
-0.004869637276953895 0.00486963727696985
-0.004845289090570546 0.0048452890905830905
-0.004821062645117777 0.004821062645130322
-0.004796957331893523 0.004796957331906068
-0.004772972545235703 0.004772972545245974
-0.00474910768250858 0.00474910768251885
-0.0047253621440959395 0.004725362144103936
-0.004701735333374942 0.004701735333382938
-0.004678226656707025 0.0046782266567150215
-0.004654835523425405 0.004654835523431127
-0.004631561345810056 0.004631561345812368
-0.004608403539080897 0.004608403539083208
-0.004585361521385281 0.004585361521387592
-0.004562434713778671 0.004562434713780983
-0.004539622540208725 0.004539622540211037
-0.004516924427507334 0.004516924427509645
-0.004494339805370159 0.004494339805372471
-0.004471868106344132 0.004471868106345306
-0.004449508765811529 0.004449508765812704
-0.004427261221982021 0.004427261221982059
-0.00440512491587107 0.004405124915872244
-0.004383099291290832 0.004383099291292007
-0.004361183794834246 0.004361183794836558
-0.004339377875859114 0.004339377875861425
-0.0043176809864801415 0.004317680986480179
-0.004296092581547342 0.004296092581547379
-0.004274612118639212 0.004274612118640386
-0.004253239058045679 0.004253239058046854
-0.0042319728627555975 0.004231972862757909
-0.004210812998441967 0.004210812998445414
-0.004189758933449426 0.00418975893345401
-0.004168810138781752 0.004168810138786336
-0.0041479660880882115 0.004147966088091658
-0.004127226257648787 0.004127226257651097
-0.004106590126360531 0.004106590126362841
-0.0040860571757296085 0.004086057175731918
-0.004065626889851971 0.004065626889853144
-0.0040452987554019885 0.004045298755404298
-0.004025072261625626 0.004025072261627936
-0.00400494690031657 0.00400494690031888
-0.003984922165815094 0.0039849221658185404
-0.003964997554986456 0.003964997554989902
-0.003945172567211801 0.003945172567212973
-0.003925446704375662 0.003925446704376834
-0.003905819470853447 0.003905819470855756
-0.00388629037349894 0.0038862903735012487
-0.0038668589216317908 0.0038668589216340997
-0.003847524627022738 0.003847524627025047
-0.0038282870038862196 0.0038282870038890966
-0.003809145568865591 0.003809145568868468
-0.0037900998410223276 0.0037900998410252047
-0.0037711493418178346 0.0037711493418190064
-0.003752293595108898 0.0037522935951100696
-0.0037335321271334747 0.0037335321271346465
-0.003714864466498187 0.0037148644664993587
-0.0036962901441663855 0.0036962901441675573
-0.0036778086934462118 0.0036778086934468155
-0.0036594196499786613 0.0036594196499798335
-0.0036411225517290566 0.003641122551730229
-0.0036229169389699954 0.0036229169389711676
-0.003604802354275096 0.0036048023542762683
-0.00358677834250422 0.003586778342505392
-0.003568844450791533 0.003568844450792705
-0.003551000228538117 0.0035510002285392894
-0.003533245227395485 0.0035332452273966575
-0.0035155790012587596 0.003515579001259932
-0.003498001106252462 0.003498001106253634
-0.0034805111007208487 0.003480511100722021
-0.0034631085452171127 0.003463108545218285
-0.003445793002490307 0.003445793002491479
-0.0034285640374785253 0.003428564037479129
-0.003411421217290711 0.0034114212172913147
-0.0033943641112032475 0.0033943641112038512
-0.0033773922906468836 0.0033773922906480554
-0.003360505329193091 0.0033605053291942627
-0.003343702802547244 0.003343702802548416
-0.003326984288534407 0.0033269842885361475
-0.0033103493670919473 0.003310349367093119
-0.00329379762025589 0.0032937976202570616
-0.003277328632154666 0.0032773286321552695
-0.003260941988993767 0.00326094198899437
-0.0032446372790477826 0.003244637279048386
-0.003228414092652446 0.0032284140926536176
-0.003212272022188148 0.00321227202218932
-0.0031962106620770955 0.0031962106620782673
-0.003180229608766257 0.003180229608767429
-0.0031643284607222487 0.0031643284607234205
-0.003148506818418258 0.0031485068184199986
-0.0031327642843260893 0.0031327642843278296
-0.0031171004629047903 0.003117100462905394
-0.0031015149605904246 0.0031015149605910283
-0.003086007385788111 0.003086007385788146
-0.0030705773488589505 0.0030705773488589857
-0.0030552244621149106 0.003055224462114377
-0.003039948339804045 0.0030399483398035115
-0.003024748598105379 0.003024748598104277
-0.0030096248551152657 0.0030096248551141637
-0.00299457673083943 0.002994576730838896
-0.002979603847184439 0.002979603847184473
-0.0029647058279486096 0.0029647058279480753
-0.002949882298808934 0.0029498822988083995
-0.0029351328873142572 0.002935132887313723
-0.0029204572228778898 0.002920457222876787
-0.002905854936763394 0.0029058549367622913
-0.002891325662079471 0.002891325662078368
-0.002876869033769158 0.0028768690337674864
-0.0028624846886001662 0.002862484688598495
-0.0028481722651574914 0.00284817226515582
-0.0028339314038314757 0.0028339314038303724
-0.002819761746812124 0.0028197617468110206
-0.0028056629380777353 0.0028056629380772006
-0.002791634623386945 0.00279163462338641
-0.002777676450269628 0.0027776764502690935
-0.0027637880680183757 0.002763788068018409
-0.0027499691276788286 0.0027499691276782934
-0.002736219282040584 0.0027362192820400487
-0.0027225381856303744 0.0027225381856298392
-0.0027089254947024032 0.002708925494701584
-0.002695380867228967 0.0026953808672281476
-0.0026819039628924956 0.0026819039628919604
-0.0026684944430781644 0.0026684944430776293
-0.0026551519708630923 0.002655151970862557
-0.0026418762110092375 0.0026418762110087023
-0.002628666829953734 0.002628666829953483
-0.0026155234958040595 0.0026155234958035243
-0.0026024458783246774 0.0026024458783241423
-0.0025894336489330574 0.0025894336489325222
-0.0025764864806885916 0.0025764864806880564
-0.0025636040482852045 0.0025636040482846694
-0.0025507860280442477 0.0025507860280434285
-0.0025380320979042684 0.002538032097903449
-0.00252534193741504 0.002525341937414221
-0.0025127152277279 0.0025127152277270807
-0.002500151651588927 0.0025001516515883917
-0.002487650893330984 0.0024876508933304488
-0.0024752126388646236 0.0024752126388640884
-0.0024628365756698446 0.002462836575669594
-0.0024505223927912614 0.002450522392791295
-0.002438269780827303 0.0024382697808273362
-0.0024260784319236756 0.0024260784319234245
-0.002413948039763985 0.002413948039763734
-0.0024018782995649042 0.002401878299564653
-0.002389868908067077 0.002389868908066826
-0.0023779195635268784 0.0023779195635266273
-0.0023660299657090227 0.0023660299657087716
-0.00235419981588088 0.002354199815880629
-0.0023424288168016763 0.002342428816801141
-0.002330716672717377 0.002330716672716842
-0.0023190630893535815 0.002319063089353331
-0.002307467773906713 0.0023074677739064625
-0.002295930435037197 0.0022959304350369464
-0.002284450782861787 0.0022844507828615364
-0.002273028528947312 0.0022730285289470614
-0.002261663386302435 0.0022616633863021844
-0.0022503550693705465 0.002250355069370296
-0.0022391032940235122 0.0022391032940232616
-0.0022279077775534304 0.0022279077775528957
-0.0022167682386658115 0.0022167682386649923
-0.0022056843974724715 0.0022056843974716522
-0.002194655975484996 0.002194655975484461
-0.0021836826956073497 0.0021836826956070986
-0.0021727642821293405 0.002172764282128805
-0.0021619004607189444 0.0021619004607181243
-0.002151090958415769 0.002151090958414665
-0.002140335503623949 0.002140335503622845
-0.002129633826105892 0.002129633826104788
-0.0021189856569751742 0.00211898565697407
-0.002108390728690286 0.002108390728689466
-0.002097848775046676 0.002097848775045856
-0.002087359531171349 0.002087359531170529
-0.0020769227335151945 0.0020769227335143744
-0.0020665381198475834 0.0020665381198467633
-0.0020562054292481285 0.0020562054292473085
-0.002045924402101567 0.002045924402101031
-0.0020356947800912245 0.0020356947800904044
-0.0020255163061907717 0.0020255163061899516
-0.0020153887246596777 0.0020153887246588576
-0.002005311781036388 0.002005311781035568
-0.001995285222131221 0.0019952852221304007
-0.0019853087960206802 0.001985308796020144
-0.001975382252040637 0.001975382252040101
-0.001965505340780643 0.001965505340780107
-0.001955677814076827 0.001955677814076291
-0.0019458994250067772 0.001945899425005957
-0.0019361699278818687 0.0019361699278810484
-0.0019264890782425734 0.0019264890782417531
-0.0019168566328513546 0.0019168566328505343
-0.0019072723496871245 0.0019072723496864463
-0.0018977359879387078 0.0018977359879380296
-0.0018882473079990148 0.0018882473079983365
-0.0018788060714587883 0.0018788060714582523
-0.0018694120411016312 0.0018694120411010952
-0.0018600649808960467 0.0018600649808955107
-0.0018507646559916024 0.0018507646559912084
-0.0018415108327116824 0.0018415108327112884
-0.0018323032785479453 0.0018323032785475513
-0.001823141762155208 0.001823141762154814
-0.001814026053344625 0.0018140260533440887
-0.0018049559230780032 0.001804955923077467
-0.0017959311434625445 0.0017959311434620083
-0.001786951487745162 0.0017869514877446257
-0.0017780167303063676 0.0017780167303058313
-0.0017691266466548737 0.0017691266466543375
-0.0017602810134214818 0.0017602810134209456
-0.0017514796083543925 0.0017514796083539985
-0.001742722210312385 0.001742722210311991
-0.0017340085992609798 0.0017340085992605858
-0.0017253385562649068 0.0017253385562645128
-0.0017167118634838427 0.0017167118634834487
-0.0017081283041664415 0.0017081283041660475
-0.0016995876626453618 0.0016995876626449678
-0.0016910897243320074 0.0016910897243318976
-0.001682634275710418 0.0016826342757103082
-0.0016742211043318683 0.0016742211043317586
-0.001665849998810321 0.0016658499988102113
-0.0016575207488161731 0.0016575207488160634
-0.001649233145072136 0.0016492331450720262
-0.0016409869793466974 0.0016409869793465876
-0.001632782044449859 0.0016327820444497494
-0.0016246181342275939 0.0016246181342274841
-0.0016164950435565877 0.001616495043556478
-0.001608412568338698 0.0016084125683385883
-0.0016003705054969735 0.0016003705054968638
-0.0015923686529695452 0.0015923686529692933
-0.001584406809704651 0.001584406809704399
-0.001576484775656231 0.001576484775655979
-0.0015686023517778175 0.0015686023517775655
-0.0015607593400189807 0.0015607593400185865
-0.0015529555433189352 0.001552955543318399
-0.0015451907656024184 0.0015451907656017399
-0.0015374648117745743 0.0015374648117738958
-0.0015297774877156961 0.0015297774877150176
-0.0015221286002771045 0.0015221286002765682
-0.0015145179572758898 0.0015145179572752115
-0.0015069453674895121 0.0015069453674888338
-0.001499410640652106 0.0014994106406514278
-0.001491913587448797 0.0014919135874482607
-0.001484454019511721 0.0014844540195111848
-0.0014770317494141997 0.0014770317494136635
-0.0014696465906671866 0.0014696465906667924
-0.0014622983577137253 0.001462298357713473
-0.0014549868659252544 0.0014549868659248602
-0.0014477119315956391 0.001447711931595387
-0.0014404733719376188 0.0014404733719375086
-0.0014332710050778323 0.0014332710050778642
-0.0014261046500524137 0.0014261046500523035
-0.0014189741268023019 0.0014189741268021917
-0.0014118792561681251 0.001411879256168015
-0.0014048198598872166 0.0014048198598871065
-0.0013977957605876459 0.001397795760587678
-0.0013908067817848082 0.0013908067817846982
-0.0013838527478758824 0.0013838527478757725
-0.0013769334841364203 0.0013769334841363104
-0.0013700488167157278 0.001370048816715547
-0.0013631985726320342 0.0013631985726318533
-0.0013563825797689379 0.0013563825797688282
-0.001349600666870079 0.0013496006668699692
-0.0013428526635356564 0.0013428526635355467
-0.0013361384002179523 0.0013361384002179134
-0.0013294577082167836 0.0013294577082167448
-0.0013228104196757373 0.0013228104196756985
-0.0013161963675774801 0.0013161963675774413
-0.0013096153857395665 0.0013096153857394565
-0.0013030673088108146 0.0013030673088107046
-0.0012965519722666174 0.0012965519722665075
-0.001290069212405247 0.0012900692124051371
-0.0012836188663432368 0.0012836188663431268
-0.001277200772011473 0.001277200772011363
-0.001270814768151429 0.0012708147681513191
-0.0012644606943106893 0.0012644606943105793
-0.0012581383908391117 0.0012581383908390018
-0.001251847698884849 0.001251847698884739
-0.0012455884603903697 0.0012455884603902597
-0.0012393605180883369 0.001239360518088227
-0.0012331637154979133 0.0012331637154978034
-0.0012269978969202853 0.0012269978969202463
-0.0012208629074357488 0.0012208629074357098
-0.0012147585928985235 0.0012147585928984845
-0.001208684799934052 0.001208684799934013
-0.001202641375934381 0.001202641375934342
-0.0011966281690546808 0.0011966281690546417
-0.001190645028209407 0.001190645028209368
-0.0011846918030683938 0.0011846918030683547
-0.0011787683440530159 0.0011787683440529768
-0.0011728745023327077 0.0011728745023326687
-0.0011670101298209843 0.0011670101298208741
-0.0011611750791718875 0.0011611750791717774
-0.0011553692037760796 0.0011553692037759695
-0.0011495923577572184 0.0011495923577571083
-0.001143844395968476 0.001143844395968366
-0.00113812517398856 0.0011381251739884498
-0.0011324345481186569 0.0011324345481185467
-0.0011267723753780998 0.0011267723753779896
-0.0011211385135011696 0.0011211385135010594
-0.0011155328209336843 0.0011155328209335742
-0.0011099551568290208 0.0011099551568289107
-0.001104405381044846 0.0011044053810447358
-0.0010988833541395635 0.0010988833541394534
-0.0010933889373689041 0.001093388937368794
-0.001087921992682159 0.0010879219926819778
-0.00108248238271877 0.0010824823827185887
-0.0010770699708051309 0.0010770699708050207
-0.0010716846209511074 0.0010716846209509261
-0.001066326197846412 0.0010663261978462308
-0.0010609945668571938 0.0010609945668570125
-0.0010556895940229125 0.0010556895940226601
-0.0010504111460527851 0.0010504111460526038
-0.001045159090322518 0.0010451590903222657
-0.001039933294870896 0.0010399332948705725
-0.0010347336283965133 0.001034733628396261
-0.0010295599602545777 0.0010295599602542541
-0.001024412160453285 0.0010244121604530325
-0.0010192900996510487 0.0010192900996507962
-0.0010141936491527344 0.001014193649152482
-0.0010091226809069594 0.0010091226809067781
-0.0010040770675023977 0.0010040770675022873
-0.000999056682165009 0.0009990566821648276
-0.0009940613987542023 0.0009940613987540208
-0.0009890910917604188 0.0009890910917602373
-0.0009841456363016518 0.0009841456363014704
-0.0009792249081201064 0.0009792249081199249
-0.0009743287835794987 0.0009743287835793883
-0.0009694571396616112 0.0009694571396615009
-0.0009646098539633072 0.000964609853963268
-0.0009597868046935474 0.0009597868046935081
-0.0009549878706700496 0.0009549878706699748
-0.000950212931316625 0.0009502129313165502
-0.0009454618666600866 0.0009454618666600117
-0.0009407345573267677 0.0009407345573266929
-0.000936030884540142 0.0009360308845400672
-0.0009313507301174482 0.0009313507301173734
-0.0009266939764668834 0.000926693976466773
-0.0009220605065845476 0.0009220605065844372
-0.0009174502040516728 0.000917450204051527
-0.0009128629530314257 0.0009128629530312798
-0.0009082986382662781 0.0009082986382661679
-0.000903757145074917 0.0009037571450748067
-0.0008992383593495077 0.0008992383593493975
-0.0008947421675527465 0.0008947421675526363
-0.0008902684567149464 0.0008902684567148361
-0.0008858171144313729 0.0008858171144313338
-0.0008813880288591533 0.0008813880288591142
-0.0008769810887148607 0.0008769810887148216
-0.0008725961832712812 0.0008725961832712065
-0.0008682332023548909 0.0008682332023548517
-0.0008638920363431567 0.0008638920363431529
-0.0008595725761614801 0.0008595725761614763
-0.0008552747132807468 0.000855274713280743
-0.000850998339714377 0.0008509983397143732
-0.0008467433480158035 0.0008467433480157997
-0.0008425096312757361 0.0008425096312757323
-0.000838297083119319 0.0008382970831193153
-0.0008341055977037512 0.0008341055977037474
-0.0008299350697152305 0.0008299350697152267
-0.0008257853943666091 0.0008257853943666053
-0.0008216564673947644 0.0008216564673947606
-0.0008175481850577569 0.0008175481850577886
-0.0008134604441324854 0.0008134604441325171
-0.0008093931419118448 0.0008093931419118766
-0.000805346176202275 0.0008053461762023067
-0.0008013194453212733 0.0008013194453213051
-0.0007973128480946599 0.0007973128480946917
-0.0007933262838541965 0.0007933262838542282
-0.0007893596524349576 0.0007893596524349539
-0.0007854128541728087 0.0007854128541728051
-0.0007814857899019188 0.0007814857899019507
-0.0007775783609524154 0.0007775783609524829
-0.0007736904691476496 0.000773690469147717
-0.0007698220168018864 0.0007698220168019892
-0.0007659729067178887 0.0007659729067179916
-0.0007621430421842888 0.0007621430421843917
-0.0007583323269733498 0.0007583323269734527
-0.0007545406653384788 0.0007545406653386173
-0.0007507679620117756 0.0007507679620119141
-0.0007470141222016878 0.0007470141222018263
-0.0007432790515907017 0.0007432790515908046
-0.0007395626563327484 0.0007395626563328513
-0.0007358648430510728 0.0007358648430512112
-0.0007321855188358173 0.0007321855188359557
-0.0007285245912416416 0.0007285245912417801
-0.0007248819682854136 0.000724881968285552
-0.0007212575584439707 0.0007212575584441447
-0.0007176512706517403 0.0007176512706519142
-0.0007140630142984651 0.000714063014298639
-0.0007104926992269657 0.0007104926992271396
-0.0007069402357308309 0.0007069402357309692
-0.0007034055345521796 0.0007034055345523179
-0.0006998885068794226 0.000699888506879561
-0.00069638906434506 0.0006963890643451628
-0.0006929071190233362 0.000692907119023439
-0.0006894425834282149 0.0006894425834283177
-0.0006859953705110523 0.0006859953705111551
-0.0006825653936585186 0.0006825653936586214
-0.0006791525666902177 0.0006791525666903205
-0.0006757568038567508 0.0006757568038568536
-0.0006723780198374785 0.0006723780198375813
-0.0006690161297383002 0.000669016129738403
-0.0006656710490896112 0.000665671049089714
-0.000662342693844189 0.0006623426938442918
-0.0006590309803749551 0.0006590309803750578
-0.0006557358254730916 0.0006557358254731766
-0.0006524571463457329 0.0006524571463458179
-0.0006491948606140108 0.0006491948606141135
-0.0006459488863109409 0.0006459488863110436
-0.0006427191418793799 0.000642719141879447
-0.0006395055461699829 0.00063950554617005
-0.0006363080184391069 0.000636308018439174
-0.0006331264783469283 0.0006331264783469599
-0.0006299608459552044 0.0006299608459552537
-0.000626811041725426 0.0006268110417254397
-0.0006236769865168103 0.000623676986516824
-0.000620558601584258 0.0006205586015842718
-0.000617455808576346 0.0006174558085763421
-0.00061436852953348 0.0006143685295334761
-0.0006112966868858161 0.0006112966868857944
-0.0006082402034513957 0.000608240203451374
-0.0006051990024341203 0.0006051990024340987
-0.0006021730074219401 0.0006021730074219184
-0.000599162142384846 0.0005991621423848065
-0.0005961663316729517 0.0005961663316728944
-0.0005931855000145926 0.0005931855000145176
-0.0005902195725144966 0.0005902195725144216
-0.000587268474651901 0.0005872684746518259
-0.0005843321322786334 0.0005843321322785583
-0.0005814104716172654 0.0005814104716171904
-0.0005785034192591577 0.0005785034192590827
-0.0005756109021628443 0.0005756109021628048
-0.0005727328476520423 0.000572732847651985
-0.0005698691834138048 0.0005698691834137299
-0.0005670198374967273 0.0005670198374966524
-0.0005641847383092591 0.0005641847383091842
-0.0005613638146177147 0.000561363814617622
-0.000558556995544639 0.0005585569955445463
-0.0005557642105669069 0.0005557642105668142
-0.0005529853895140713 0.0005529853895139963
-0.0005502204625664975 0.0005502204625664403
-0.0005474693602536585 0.0005474693602536012
-0.0005447320134523936 0.0005447320134523542
-0.0005420083533851328 0.0005420083533850933
-0.0005392983116182259 0.0005392983116181865
-0.0005366018200601142 0.0005366018200600924
-0.0005339188109598192 0.0005339188109597974
-0.0005312492169050254 0.0005312492169050036
-0.0005285929708205162 0.0005285929708204945
-0.0005259500059664158 0.000525950005966394
-0.0005233202559365903 0.0005233202559365685
-0.0005207036546569067 0.0005207036546568849
-0.0005181001363836169 0.0005181001363835951
-0.0005155096357017054 0.0005155096357016658
-0.0005129320875231837 0.0005129320875231618
-0.0005103674270855631 0.0005103674270855412
-0.0005078155899501314 0.0005078155899501095
-0.00050527651200039 0.0005052765120003681
-0.0005027501294403837 0.0005027501294403618
-0.0005002363787931909 0.000500236378793169
-0.0004977351968992362 0.0004977351968992143
-0.0004952465209147451 0.0004952465209147054
-0.0004927702883101628 0.0004927702883101231
-0.0004903064368686263 0.0004903064368685866
-0.0004878549046842775 0.00048785490468425554
-0.00048541563016084164 0.0004854156301608197
-0.00048298855201002873 0.0004829885520100068
-0.0004805736092499792 0.00048057360924996616
-0.00047817074120372745 0.0004781707412037144
-0.00047577988749770056 0.0004757798874976875
-0.00047340098806021764 0.00047340098806021347
-0.00047103398311991744 0.00047103398311991327
-0.00046867881320430195 0.00046867881320430667
-0.0004663354191382797 0.0004663354191382844
-0.00046400374204259365 0.0004640037420425895
-0.0004616837233323913 0.000461683723332396
-0.0004593753047157324 0.0004593753047157371
-0.0004570784281921504 0.0004570784281921551
-0.0004547930360511955 0.0004547930360511913
-0.0004525190708709427 0.00045251907087093853
-0.00045025647551657957 0.0004502564755165754
-0.0004480051931390029 0.00044800519313899874
-0.0004457651671733177 0.00044576516717331353
-0.00044353634133746054 0.00044353634133745636
-0.00044131865963076066 0.0004413186596307476
-0.00043911206633258994 0.0004391120663326035
-0.0004369165060009329 0.0004369165060009376
-0.00043473192347092136 0.000434731923470926
-0.0004325582638535642 0.00043255826385356886
-0.00043039547253428186 0.0004303954725342954
-0.00042824349517160974 0.0004282434951716233
-0.0004261022776957591 0.00042610227769577266
-0.000423971766307294 0.0004239717663073076
-0.00042185190747575437 0.0004218519074757679
-0.00041974264793837707 0.0004197426479383906
-0.0004176439346986927 0.0004176439346987063
-0.00041555571502520215 0.0004155557150252068
-0.0004134779364500708 0.00041347793645008435
-0.0004114105467678143 0.0004114105467678367
-0.000409353494033975 0.0004093534940339974
-0.0004073067265638076 0.00040730672656383
-0.0004052701929309911 0.0004052701929310135
-0.0004032438419663233 0.0004032438419663545
-0.00040122762275650385 0.0004012276227565262
-0.0003992214846427401 0.0003992214846427536
-0.0003972253772195301 0.0003972253772195525
-0.00039523925033343684 0.00039523925033345923
-0.0003932630540817651 0.0003932630540817875
-0.00039129673881135315 0.00039129673881138443
-0.00038934025511729427 0.00038934025511731666
-0.00038739355384171065 0.00038739355384173304
-0.0003854565860725013 0.0003854565860725237
-0.0003835293031421339 0.0003835293031421563
-0.00038161165662641943 0.0003816116566264418
-0.0003797035983432862 0.0003797035983433086
-0.00037780508035157207 0.00037780508035159446
-0.00037591605494980757 0.00037591605494982996
-0.00037403647467506136 0.00037403647467507486
-0.0003721662923016878 0.0003721662923017013
-0.0003703054608401724 0.0003703054608401859
-0.0003684539335359683 0.0003684539335359907
-0.0003666116638682882 0.0003666116638683106
-0.00036477860554894113 0.0003647786055489724
-0.0003629547125211952 0.0003629547125212265
-0.0003611399389585879 0.0003611399389586192
-0.0003593342392637889 0.000359334239263829
-0.000357537568067472 0.00035753756806751214
-0.0003557498802271342 0.00035574988022717434
-0.000353971130826003 0.0003539711308260431
-0.0003522012751718729 0.000352201275171913
-0.0003504402687960129 0.0003504402687960619
-0.00034868806745202985 0.00034868806745207885
-0.0003469446271147669 0.00034694462711481593
-0.0003452099039791934 0.0003452099039792424
-0.00034348385445930773 0.00034348385445934345
-0.0003417664351870142 0.00034176643518704994
-0.00034005760301107467 0.0003400576030111104
-0.0003383573149960206 0.0003383573149960563
-0.00033666552842103847 0.0003366655284210742
-0.00033498220077892604 0.00033498220077896176
-0.00033330728977504 0.00033330728977507126
-0.0003316407533261634 0.00033164075332619024
-0.0003299825495595377 0.00032998254955956006
-0.000328332636811739 0.0003283326368117614
-0.00032669097362768355 0.00032669097362769705
-0.00032505751875955285 0.0003250575187595619
-0.00032343223116575897 0.0003234322311657636
-0.00032181507000992763 0.00032181507000993224
-0.0003202059946598768 0.0003202059946598814
-0.0003186049646865775 0.0003186049646865821
-0.00031701193986314555 0.0003170119398631457
-0.00031542688016382946 0.00031542688016383407
-0.00031384974576301525 0.0003138497457630243
-0.0003122804970342053 0.0003122804970342099
-0.00031071909454903244 0.0003107190945490326
-0.0003091654990762916 0.00030916549907629177
-0.0003076196715809055 0.0003076196715809101
-0.00030608157322299163 0.00030608157322299624
-0.0003045511653568767 0.0003045511653568813
-0.0003030284095300884 0.000303028409530093
-0.0003015132674824317 0.0003015132674824363
-0.00030000570114501195 0.000300005701145021
-0.00029850567263928435 0.00029850567263929785
-0.000297013144276086 0.00029701314427609064
-0.00029552807855470325 0.0002955280785547079
-0.0002940504381619347 0.0002940504381619438
-0.00029258018597112307 0.0002925801859711322
-0.0002911172850412714 0.0002911172850412849
-0.00028966169861607057 0.00028966169861607523
-0.0002882133901229845 0.00028821339012298914
-0.0002867723231723663 0.00028677232317237094
-0.00028533846155651246 0.0002853384615565171
-0.0002839117692487259 0.00028391176924873055
-0.0002824922104024808 0.00028249221040248544
-0.0002810797493504591 0.0002810797493504638
-0.000279674350603707 0.00027967435060371164
-0.00027827597885068836 0.000278275978850693
-0.00027688459895643726 0.0002768845989564419
-0.0002755001759616605 0.00027550017596166514
-0.0002741226750818493 0.000274122675081854
-0.00027275206170644054 0.00027275206170644076
-0.0002713883013979057 0.00027138830139790594
-0.000270031359890921 0.0002700313598909212
-0.00026868120309146985 0.00026868120309147007
-0.0002673377970760083 0.0002673377970760129
-0.00026600110809063 0.00026600110809063017
-0.00026467110255017366 0.00026467110255017827
-0.00026334774703742355 0.0002633477470374237
-0.0002620310083022393 0.00026203100830223506
-0.0002607208532607253 0.0002607208532607255
-0.00025941724899441803 0.00025941724899441825
-0.00025812016274944676 0.000258120162749447
-0.0002568295619356987 0.0002568295619357033
-0.0002555454141260195 0.0002555454141260241
-0.0002542676870553874 0.000254267687055392
-0.00025299634862011375 0.00025299634862011836
-0.00025173136687701276 0.0002517313668770218
-0.00025047271004262854 0.00025047271004264204
-0.0002492203464924137 0.0002492203464924316
-0.00024797424475995203 0.00024797424475997
-0.00024673437353615494 0.0002467343735361729
-0.00024550070166847517 0.0002455007016684931
-0.0002442731981601343 0.0002442731981601478
-0.00024305183216933202 0.00024305183216934996
-0.00024183657300848484 0.00024183657300850278
-0.00024062739014344192 0.00024062739014345987
-0.00023942425319272597 0.00023942425319274391
-0.00023822713192675815 0.00023822713192677832
-0.00023703599626712758 0.00023703599626714774
-0.00023585081628578976 0.00023585081628580993
-0.00023467156220435828 0.00023467156220437622
-0.0002334982043933387 0.00023349820439335666
-0.0002323307133713715 0.00023233071337138943
-0.00023116905980451245 0.00023116905980452817
-0.00023001321450549344 0.00023001321450550694
-0.00022886314843296733 0.00022886314843297863
-0.0002277188326908042 0.00022771883269081774
-0.0002265802385273519 0.00022658023852736544
-0.0002254473373347166 0.00022544733733473012
-0.00022432010064804114 0.00022432010064805466
-0.0002231985001448012 0.00022319850014481472
-0.00022208250764407472 0.00022208250764409047
-0.00022097209510585141 0.00022097209510586716
-0.00021986723463032437 0.00021986723463034011
-0.00021876789845717286 0.0002187678984571886
-0.00021767405896488961 0.00021767405896490536
-0.00021658568867006573 0.00021658568867008148
-0.00021550276022671351 0.00021550276022672926
-0.00021442524642558032 0.00021442524642559607
-0.0002133531201934536 0.00021335312019346936
-0.00021228635459248808 0.00021228635459250605
-0.0002112249228195263 0.00021122492281954426
-0.00021016879820542797 0.00021016879820544816
-0.00020911795421439956 0.00020911795421441976
-0.0002080723644433303 0.00020807236444335048
-0.00020703200262111484 0.00020703200262113503
-0.00020599684260801172 0.0002059968426080297
-0.0002049668583949727 0.00020496685839498622
-0.00020394202410299662 0.00020394202410301237
-0.00020292231398248324 0.00020292231398249898
-0.00020190770241257377 0.00020190770241258952
-0.00020089816390050924 0.000200898163900525
-0.0001998936730810064 0.00019989367308102216
-0.00019889420471560064 0.0001988942047156164
-0.00019789973369202412 0.00019789973369203765
-0.00019691023502356412 0.00019691023502357765
-0.0001959256838484458 0.00019592568384845934
-0.00019494605542920378 0.0001949460554292173
-0.00019397132515205811 0.00019397132515206942
-0.00019300146852629712 0.00019300146852630843
-0.00019203646118366672 0.0001920364611836736
-0.00019107627887774873 0.00019107627887775784
-0.00019012089748336129 0.00019012089748336817
-0.0001891702929959438 0.0001891702929959507
-0.0001882244415309642 0.0001882244415309711
-0.00018728331932331036 0.00018728331932331503
-0.0001863469027266929 0.00018634690272669756
-0.00018541516821305674 0.00018541516821306362
-0.00018448809237199274 0.00018448809237199963
-0.00018356565191013366 0.00018356565191014054
-0.00018264782365058356 0.00018264782365059044
-0.00018173458453233152 0.0001817345845323384
-0.0001808259116096678 0.00018082591160967467
-0.0001799217820516197 0.00017992178205162437
-0.00017902217314136107 0.00017902217314136573
-0.00017812706227565258 0.00017812706227565724
-0.0001772364269642757 0.00017723642696428036
-0.0001763502448294552 0.00017635024482945763
-0.0001754684936053086 0.00017546849360531105
-0.00017459115113728 0.00017459115113728466
-0.00017371819538159364 0.0001737181953815983
-0.0001728496044046857 0.00017284960440469037
-0.00017198535638266458 0.00017198535638266924
-0.00017112542960075143 0.0001711254296007561
-0.00017026980245274717 0.00017026980245275072
-0.00016941845344048303 0.0001694184534404877
-0.00016857136117327977 0.00016857136117328443
-0.00016772850436741374 0.0001677285043674184
-0.000166889861845575 0.00016688986184557967
-0.00016605541253634563 0.0001660554125363514
-0.00016522513547366228 0.00016522513547366917
-0.00016439900979629333 0.00016439900979630133
-0.00016357701474731148 0.0001635770147473206
-0.00016275912967357532 0.00016275912967358443
-0.00016194533402520862 0.00016194533402521662
-0.00016113560735508405 0.00016113560735509205
-0.00016032992931830917 0.00016032992931831606
-0.0001595282796717168 0.0001595282796717237
-0.00015873063827335777 0.00015873063827336466
-0.00015793698508199006 0.00015793698508199694
-0.00015714730015658042 0.0001571473001565873
-0.0001563615636557969 0.0001563615636558038
-0.0001555797558375183 0.00015557975583752406
-0.00015480185705833208 0.00015480185705833675
-0.00015402784777304281 0.0001540278477730464
-0.00015325770853417798 0.00015325770853418045
-0.0001524914199915062 0.00015249141999150976
-0.0001517289628915486 0.00015172896289155106
-0.00015097031807709163 0.0001509703180770941
-0.00015021546648670726 0.00015021546648670862
-0.00014946438915427353 0.0001494643891542749
-0.00014871706720850033 0.0001487170672085028
-0.00014797348187245877 0.00014797348187246123
-0.00014723361446309594 0.0001472336144630984
-0.0001464974463907787 0.00014649744639078115
-0.00014576495915882395 0.00014576495915882642
-0.00014503613436303022 0.00014503613436303158
-0.00014431095369121574 0.0001443109536912171
-0.00014358939892275993 0.0001435893989227613
-0.000142871451928146 0.00014287145192814625
-0.00014215709466850582 0.00014215709466850496
-0.00014144630919516124 0.00014144630919516149
-0.0001407390776491846 0.00014073907764918485
-0.00014003538226093905 0.0001400353822609393
-0.0001393352053496344 0.00013933520534963466
-0.00013863852932288536 0.0001386385293228856
-0.00013794533667627065 0.0001379453366762709
-0.00013725560999288902 0.00013725560999288926
-0.000136569331942924 0.00013656933194292425
-0.0001358864852832087 0.00013588648528320896
-0.00013520705285679282 0.00013520705285679306
-0.00013453101759250855 0.0001345310175925088
-0.00013385836250454756 0.0001338583625045467
-0.00013318907069202472 0.00013318907069202385
-0.00013252312533856397 0.0001325231253385631
-0.00013186050971187086 0.00013186050971187
-0.0001312012071633118 0.00013120120716331093
-0.0001305452011274944 0.00013054520112749354
-0.0001298924751218567 0.00012989247512185584
-0.00012924301274624744 0.00012924301274624657
-0.00012859679768251648 0.0001285967976825156
-0.00012795381369410392 0.00012795381369410305
-0.00012731404462563273 0.00012731404462563187
-0.0001266774744025046 0.00012667747440250372
-0.00012604408703049247 0.0001260440870304916
-0.00012541386659533976 0.0001254138665953389
-0.00012478679726236403 0.00012478679726236316
-0.0001241628632760528 0.00012416286327605194
-0.00012354204895967285 0.000123542048959672
-0.0001229243387148749 0.00012292433871487402
-0.0001223097170213006 0.00012230971702130084
-0.000121698168436194 0.00012169816843619425
-0.0001210896775940135 0.00012108967759401319
-0.00012048422920604377 0.00012048422920604402
-0.0001198818080600134 0.00011988180806001365
-0.00011928239901971399 0.00011928239901971367
-0.00011868598702461546 0.00011868598702461515
-0.00011809255708949311 0.00011809255708949225
-0.00011750209430404506 0.00011750209430404419
-0.00011691458383252367 0.0001169145838325228
-0.00011633001091336086 0.00011633001091336055
-0.00011574836085879452 0.00011574836085879477
-0.0001151696190544999 0.0001151696190545007
-0.00011459377095922768 0.00011459377095922848
-0.0001140208021044315 0.00011402080210443285
-0.00011345069809390935 0.0001134506980939107
-0.00011288344460343997 0.00011288344460344077
-0.0001123190273804226 0.0001123190273804234
-0.00011175743224352004 0.00011175743224352139
-0.00011119864508230222 0.00011119864508230358
-0.00011064265185689045 0.0001106426518568918
-0.00011008943859760597 0.00011008943859760733
-0.00010953899140461806 0.00010953899140461942
-0.00010899129644759484 0.0001089912964475962
-0.00010844633996535688 0.00010844633996535823
-0.00010790410826552974 0.00010790410826553165
-0.00010736458772420196 0.00010736458772420331
-0.00010682776478558039 0.00010682776478558175
-0.00010629362596165266 0.00010629362596165402
-0.00010576215783184413 0.00010576215783184549
-0.00010523334704268479 0.00010523334704268615
-0.00010470718030747124 0.00010470718030747259
-0.00010418364440593359 0.00010418364440593495
-0.00010366272618390355 0.00010366272618390546
-0.00010314441255298352 0.00010314441255298598
-0.00010262869049021911 0.00010262869049022102
-0.00010211554703776832 0.00010211554703777023
-0.00010160496930258062 0.00010160496930258198
-0.00010109694445606726 0.00010109694445606917
-0.00010059145973378598 0.00010059145973378789
-0.00010008850243511786 0.00010008850243511866
-9.958805992294269e-05 9.958805992294349e-05
-9.9090119623328e-05 9.90901196233288e-05
-9.859466902521104e-05 9.85946690252124e-05
-9.810169568008517e-05 9.810169568008652e-05
-9.761118720168502e-05 9.761118720168637e-05
-9.712313126567626e-05 9.712313126567762e-05
-9.663751560934805e-05 9.663751560934885e-05
-9.615432803130161e-05 9.615432803130241e-05
-9.567355639114547e-05 9.567355639114627e-05
-9.51951886091896e-05 9.51951886091904e-05
-9.471921266614344e-05 9.471921266614424e-05
-9.424561660281224e-05 9.42456166028136e-05
-9.377438851979788e-05 9.377438851979923e-05
-9.330551657719851e-05 9.330551657720042e-05
-9.283898899431217e-05 9.283898899431408e-05
-9.237479404934087e-05 9.237479404934278e-05
-9.191292007909365e-05 9.191292007909612e-05
-9.145335547869845e-05 9.145335547870091e-05
-9.099608870130511e-05 9.099608870130758e-05
-9.054110825779899e-05 9.05411082578009e-05
-9.008840271651004e-05 9.00884027165125e-05
-8.963796070292746e-05 8.963796070292937e-05
-8.918977089941278e-05 8.918977089941469e-05
-8.874382204491555e-05 8.874382204491746e-05
-8.830010293469143e-05 8.830010293469334e-05
-8.785860242001848e-05 8.785860242001983e-05
-8.741930940791849e-05 8.741930940791984e-05
-8.698221286087888e-05 8.698221286088024e-05
-8.654730179657461e-05 8.654730179657597e-05
-8.611456528759227e-05 8.611456528759307e-05
-8.568399246115417e-05 8.568399246115497e-05
-8.525557249884859e-05 8.52555724988491e-05
-8.48292946363547e-05 8.482929463635521e-05
-8.440514816317253e-05 8.440514816317332e-05
-8.398312242235674e-05 8.398312242235753e-05
-8.356320681024467e-05 8.356320681024546e-05
-8.314539077619345e-05 8.314539077619423e-05
-8.272966382231274e-05 8.272966382231352e-05
-8.231601550320107e-05 8.231601550320186e-05
-8.19044354256849e-05 8.190443542568595e-05
-8.149491324855632e-05 8.149491324855709e-05
-8.108743868231385e-05 8.108743868231436e-05
-8.06820014889024e-05 8.06820014889029e-05
-8.027859148145753e-05 8.027859148145803e-05
-7.987719852405021e-05 7.987719852405044e-05
-7.947781253143002e-05 7.947781253143025e-05
-7.90804234687729e-05 7.90804234687734e-05
-7.868502135142877e-05 7.868502135142927e-05
-7.829159624467184e-05 7.829159624467234e-05
-7.790013826344875e-05 7.790013826344926e-05
-7.751063757213137e-05 7.751063757213187e-05
-7.712308438427082e-05 7.712308438427077e-05
-7.673746896234966e-05 7.67374689623496e-05
-7.635378161753784e-05 7.635378161753779e-05
-7.597201270945051e-05 7.597201270945046e-05
-7.559215264590311e-05 7.559215264590306e-05
-7.521419188267329e-05 7.521419188267323e-05
-7.483812092325968e-05 7.483812092325962e-05
-7.446393031864349e-05 7.446393031864372e-05
-7.409161066705064e-05 7.409161066705087e-05
-7.372115261371528e-05 7.372115261371524e-05
-7.335254685064693e-05 7.335254685064689e-05
-7.298578411639342e-05 7.298578411639338e-05
-7.262085519581165e-05 7.26208551958116e-05
-7.225775091983251e-05 7.225775091983247e-05
-7.189646216523328e-05 7.189646216523324e-05
-7.153697985440722e-05 7.153697985440718e-05
-7.11792949551352e-05 7.117929495513516e-05
-7.082339848035918e-05 7.082339848035914e-05
-7.046928148795766e-05 7.046928148795762e-05
-7.011693508051786e-05 7.011693508051782e-05
-6.976635040511525e-05 6.976635040511521e-05
-6.941751865308938e-05 6.941751865308934e-05
-6.907043105982397e-05 6.907043105982422e-05
-6.872507890452495e-05 6.872507890452493e-05
-6.838145351000225e-05 6.838145351000222e-05
-6.803954624245191e-05 6.803954624245215e-05
-6.769934851123989e-05 6.769934851124013e-05
-6.736085176868363e-05 6.736085176868387e-05
-6.702404750984026e-05 6.702404750984079e-05
-6.668892727229125e-05 6.668892727229151e-05
-6.635548263593005e-05 6.635548263593004e-05
-6.602370522275059e-05 6.602370522275057e-05
-6.569358669663661e-05 6.56935866966366e-05
-6.536511876315354e-05 6.536511876315325e-05
-6.503829316933779e-05 6.50382931693375e-05
-6.471310170349082e-05 6.471310170349053e-05
-6.438953619497345e-05 6.438953619497317e-05
-6.40675885139983e-05 6.406758851399801e-05
-6.37472505714285e-05 6.374725057142793e-05
-6.34285143185715e-05 6.342851431857093e-05
-6.311137174697896e-05 6.31113717469781e-05
-6.279581488824382e-05 6.279581488824352e-05
-6.248183581380246e-05 6.248183581380216e-05
-6.216942663473314e-05 6.216942663473311e-05
-6.18585795015595e-05 6.185857950155947e-05
-6.154928660405157e-05 6.154928660405154e-05
-6.124154017103123e-05 6.12415401710312e-05
-6.0935332470176185e-05 6.093533247017616e-05
-6.063065580782545e-05 6.0630655807825424e-05
-6.032750252878616e-05 6.0327502528786135e-05
-6.002586501614232e-05 6.0025865016142295e-05
-5.97257356910618e-05 5.972573569106177e-05
-5.9427107012606566e-05 5.942710701260654e-05
-5.912997147754346e-05 5.912997147754343e-05
-5.8834321620155956e-05 5.883432162015593e-05
-5.854015001205532e-05 5.8540150012055294e-05
-5.824744926199505e-05 5.8247449261995024e-05
-5.7956212015684914e-05 5.795621201568502e-05
-5.7666430955606514e-05 5.766643095560662e-05
-5.7378098800828574e-05 5.737809880082882e-05
-5.709120830682431e-05 5.709120830682441e-05
-5.680575226529018e-05 5.6805752265290285e-05
-5.652172350396383e-05 5.652172350396393e-05
-5.623911488644391e-05 5.623911488644388e-05
-5.595791931201182e-05 5.595791931201164e-05
-5.56781297154519e-05 5.5678129715451865e-05
-5.539973906687444e-05 5.539973906687454e-05
-5.512274037154007e-05 5.512274037154017e-05
-5.4847126669682405e-05 5.484712666968251e-05
-5.457289103633391e-05 5.457289103633401e-05
-5.4300026581152256e-05 5.4300026581152215e-05
-5.402852644824645e-05 5.4028526448246546e-05
-5.375838381600544e-05 5.3758383816005395e-05
-5.3489591896925335e-05 5.348959189692515e-05
-5.3222143937440925e-05 5.322214393744074e-05
-5.29560332177536e-05 5.295603321775342e-05
-5.269125305166483e-05 5.269125305166478e-05
-5.2427796786406404e-05 5.2427796786406356e-05
-5.216565780247422e-05 5.216565780247417e-05
-5.190482951346172e-05 5.190482951346167e-05
-5.1645305365894474e-05 5.164530536589443e-05
-5.1387078839065174e-05 5.1387078839065126e-05
-5.113014344486973e-05 5.1130143444869684e-05
-5.087449272764535e-05 5.087449272764516e-05
-5.0620120264007276e-05 5.0620120264006944e-05
-5.036701966268716e-05 5.036701966268683e-05
-5.0115184564373466e-05 5.0115184564373134e-05
-4.986460864155142e-05 4.986460864155109e-05
-4.961528559834374e-05 4.961528559834341e-05
-4.9367209170351975e-05 4.936720917035178e-05
-4.912037312450026e-05 4.9120373124500065e-05
-4.8874771258877815e-05 4.8874771258877476e-05
-4.863039740258334e-05 4.8630397402583e-05
-4.838724541557046e-05 4.8387245415569976e-05
-4.8145309188492796e-05 4.814530918849218e-05
-4.7904582642550255e-05 4.790458264254964e-05
-4.766505972933731e-05 4.766505972933684e-05
-4.742673443069078e-05 4.7426734430690305e-05
-4.718960075853728e-05 4.7189600758536944e-05
-4.6953652754744635e-05 4.6953652754744296e-05
-4.671888449097099e-05 4.6718884490970654e-05
-4.648529006851609e-05 4.6485290068515885e-05
-4.625286361817354e-05 4.625286361817347e-05
-4.602159930008267e-05 4.60215993000826e-05
-4.5791491303582225e-05 4.579149130358216e-05
-4.556253384706423e-05 4.5562533847064165e-05
-4.5334721177828986e-05 4.533472117782892e-05
-4.5108047571939886e-05 4.510804757193982e-05
-4.488250733408021e-05 4.4882507334080144e-05
-4.465809479740991e-05 4.4658094797409985e-05
-4.443480432342294e-05 4.443480432342301e-05
-4.421263030180582e-05 4.4212630301805896e-05
-4.399156715029669e-05 4.39915671502969e-05
-4.377160931454537e-05 4.377160931454544e-05
-4.355275126797266e-05 4.3552751267972595e-05
-4.333498751163269e-05 4.333498751163262e-05
-4.311831257407452e-05 4.3118312574074455e-05
-4.290272101120423e-05 4.2902721011204094e-05
-4.2688207406148126e-05 4.268820740614799e-05
-4.247476636911746e-05 4.247476636911732e-05
-4.226239253727178e-05 4.2262392537271645e-05
-4.20510805745853e-05 4.205108057458523e-05
-4.184082517171235e-05 4.1840825171712216e-05
-4.1631621045853804e-05 4.163162104585367e-05
-4.14234629406246e-05 4.142346294062447e-05
-4.121634562592146e-05 4.121634562592132e-05
-4.101026389779182e-05 4.101026389779168e-05
-4.080521257830281e-05 4.080521257830275e-05
-4.0601186515411276e-05 4.0601186515411215e-05
-4.039818058283427e-05 4.039818058283428e-05
-4.019618967992022e-05 4.019618967992016e-05
-3.999520873152064e-05 3.9995208731520647e-05
-3.979523268786298e-05 3.979523268786305e-05
-3.9596256524423724e-05 3.9596256524423866e-05
-3.9398275241801645e-05 3.939827524180172e-05
-3.9201283865592585e-05 3.920128386559266e-05
-3.9005277446264656e-05 3.900527744626473e-05
-3.881025105903338e-05 3.8810251059033456e-05
-3.8616199803738066e-05 3.861619980373814e-05
-3.842311880471939e-05 3.842311880471947e-05
-3.8231003210695904e-05 3.823100321069598e-05
-3.8039848194642356e-05 3.803984819464243e-05
-3.784964895366921e-05 3.7849648953669214e-05
-3.766040070890083e-05 3.7660400708900836e-05
-3.747209870535637e-05 3.7472098705356446e-05
-3.72847382118295e-05 3.7284738211829574e-05
-3.7098314520770454e-05 3.7098314520770454e-05
-3.6912822948166604e-05 3.6912822948166604e-05
-3.6728258833425834e-05 3.6728258833425834e-05
-3.654461753925884e-05 3.654461753925884e-05
-3.636189445156256e-05 3.636189445156256e-05
-3.6180084979304724e-05 3.6180084979304724e-05
-3.5999184554408165e-05 3.5999184554408165e-05
-3.5819188631636126e-05 3.5819188631636126e-05
-3.56400926884779e-05 3.56400926884779e-05
-3.5461892225035544e-05 3.5461892225035544e-05
-3.528458276391046e-05 3.528458276391046e-05
-3.510815985009088e-05 3.510815985009088e-05
-3.493261905084039e-05 3.493261905084039e-05
-3.4757955955586195e-05 3.4757955955586195e-05
-3.458416617580825e-05 3.458416617580825e-05
-3.441124534492918e-05 3.441124534492918e-05
-3.4239189118204565e-05 3.4239189118204565e-05
-3.4067993172613504e-05 3.4067993172613504e-05
-3.389765320675037e-05 3.389765320675037e-05
-3.3728164940716656e-05 3.3728164940716656e-05
-3.3559524116013036e-05 3.3559524116013036e-05
-3.339172649543295e-05 3.339172649543295e-05
-3.322476786295575e-05 3.322476786295575e-05
-3.3058644023640984e-05 3.3058644023640984e-05
-3.2893350803522704e-05 3.2893350803522704e-05
-3.2728884049505044e-05 3.2728884049505044e-05
-3.2565239629257495e-05 3.2565239629257495e-05
-3.240241343111113e-05 3.240241343111113e-05
-3.224040136395558e-05 3.224040136395558e-05
-3.207919935713579e-05 3.207919935713579e-05
-3.191880336035013e-05 3.191880336035013e-05
-3.175920934354835e-05 3.175920934354835e-05
-3.1600413296830606e-05 3.1600413296830606e-05
-3.1442411230346435e-05 3.1442411230346435e-05
-3.1285199174194766e-05 3.1285199174194766e-05
-3.112877317832378e-05 3.112877317832378e-05
-3.097312931243212e-05 3.097312931243212e-05
-3.081826366586999e-05 3.081826366586999e-05
-3.0664172347540715e-05 3.0664172347540715e-05
-3.0510851485803023e-05 3.0510851485803023e-05
-3.0358297228373973e-05 3.0358297228373973e-05
-3.0206505742232132e-05 3.0206505742232132e-05
-3.005547321352098e-05 3.005547321352098e-05
-2.9905195847453356e-05 2.9905195847453356e-05
-2.9755669868216058e-05 2.9755669868216058e-05
-2.9606891518875014e-05 2.9606891518875014e-05
-2.9458857061280678e-05 2.9458857061280678e-05
-2.9311562775974247e-05 2.9311562775974247e-05
-2.9165004962094367e-05 2.9165004962094367e-05
-2.901917993728388e-05 2.901917993728388e-05
-2.887408403759745e-05 2.887408403759745e-05
-2.8729713617409477e-05 2.8729713617409477e-05
-2.8586065049322445e-05 2.8586065049322445e-05
-2.844313472407586e-05 2.844313472407586e-05
-2.830091905045545e-05 2.830091905045545e-05
-2.8159414455203205e-05 2.8159414455203205e-05
-2.8018617382927176e-05 2.8018617382927176e-05
-2.787852429601254e-05 2.787852429601254e-05
-2.7739131674532517e-05 2.7739131674532517e-05
-2.7600436016159897e-05 2.7600436016159897e-05
-2.7462433836079114e-05 2.7462433836079114e-05
-2.7325121666898727e-05 2.7325121666898727e-05
-2.7188496058564225e-05 2.7188496058564225e-05
-2.705255357827136e-05 2.705255357827136e-05
-2.6917290810379992e-05 2.6917290810379992e-05
-2.6782704356328107e-05 2.6782704356328107e-05
-2.6648790834546442e-05 2.6648790834546442e-05
-2.6515546880373668e-05 2.6515546880373668e-05
-2.6382969145971807e-05 2.6382969145971807e-05
-2.6251054300241956e-05 2.6251054300241956e-05
-2.611979902874074e-05 2.611979902874074e-05
-2.5989200033597055e-05 2.5989200033597055e-05
-2.5859254033429032e-05 2.5859254033429032e-05
-2.572995776326192e-05 2.572995776326192e-05
-2.5601307974445585e-05 2.5601307974445585e-05
-2.5473301434573362e-05 2.5473301434573362e-05
-2.5345934927400514e-05 2.5345934927400514e-05
-2.5219205252763503e-05 2.5219205252763503e-05
-2.5093109226499673e-05 2.5093109226499673e-05
-2.496764368036721e-05 2.496764368036721e-05
-2.4842805461965412e-05 2.4842805461965412e-05
-2.4718591434655587e-05 2.4718591434655587e-05
-2.459499847748233e-05 2.459499847748233e-05
-2.4472023485094944e-05 2.4472023485094944e-05
-2.4349663367669444e-05 2.4349663367669444e-05
-2.422791505083115e-05 2.422791505083115e-05
-2.4106775475577005e-05 2.4106775475577005e-05
-2.3986241598199163e-05 2.3986241598199163e-05
-2.3866310390208146e-05 2.3866310390208146e-05
-2.374697883825709e-05 2.374697883825709e-05
-2.36282439440658e-05 2.36282439440658e-05
-2.351010272434548e-05 2.351010272434548e-05
-2.3392552210723744e-05 2.3392552210723744e-05
-2.3275589449670115e-05 2.3275589449670115e-05
-2.3159211502421716e-05 2.3159211502421716e-05
-2.3043415444909573e-05 2.3043415444909573e-05
-2.2928198367685032e-05 2.2928198367685032e-05
-2.2813557375846622e-05 2.2813557375846622e-05
-2.269948958896737e-05 2.269948958896737e-05
-2.258599214102253e-05 2.258599214102253e-05
-2.2473062180317393e-05 2.2473062180317393e-05
-2.23606968694158e-05 2.23606968694158e-05
-2.2248893385068724e-05 2.2248893385068724e-05
