1 2
-2.8200000000000003 -2.201999988615513
-1.36076 -0.5968359929643872
-0.45923999999999987 0.3948360043488741
0.09818967999999995 1.008008650687604
-0.4591290977600002 0.3949579968125434
-0.24623332465568026 0.6291433465928165
-0.45908674153289075 0.39500458866223753
-0.3777767362857962 0.48444559419171873
-0.45907056467320784 0.39502238320784056
-0.4280163222292166 0.429182049803682
-0.4088957030246221 0.4502147308717521
-0.42812722446921647 0.42906005734001273
-0.42078078327738133 0.43714114262913717
-0.4281257628735866 0.4290616650952013
-0.4325973259458209 0.42414294572906996
-0.4308473825260781 0.42606788348557156
-0.42979154374007056 0.42722930614703336
-0.430888630633778 0.4260225105672244
-0.4315411390035311 0.42530475136244106
-0.43127612402914384 0.42559626783347704
-0.4311220518101344 0.42576574727392824
-0.43129179742768153 0.4255790270951323
-0.431387014059029 0.42547428880093374
-0.43134465406761313 0.4255208847913652
-0.4313221712331261 0.4255456159092337
-0.4313506284051871 0.4255143130200514
-0.43133975776545985 0.42552627072371907
-0.43135062624244225 0.4255143153990708
-0.431346474484235 0.42551888233308643
-0.43134162815288235 0.42552421329755985
-0.4313427840523094 0.4255229418081936
-0.4313423424987284 0.42552342751713135
-0.43134278396446124 0.42552294190482653
-0.4313426153245512 0.425523127408727
-0.43134278393090986 0.42552294194173323
-0.43134271952328085 0.42552301279012483
-0.43134278391809566 0.42552294195582885
-0.43134275931927646 0.4255229690145297
-0.4313427839132018 0.4255229419612121
-0.4313427745183225 0.42552295229557924
-0.43134278391133263 0.425522941963268
-0.43134278032320283 0.4255229459102108
-0.43134278391061875 0.42552294196405316
-0.43134278254022607 0.4255229434714851
-0.43134278391034653 0.4255229419643527
-0.4313427833869605 0.4255229425400775
-0.43134278391024217 0.4255229419644675
-0.43134278371034873 0.4255229421843503
-0.4313427839102024 0.42552294196451124
-0.4313427838338586 0.4255229420484896
-0.43134278391018754 0.42552294196452767
-0.43134278388103 0.4255229419966009
-0.431342783910182 0.4255229419645339
-0.4313427838990458 0.4255229419767834
-0.43134278391017933 0.42552294196453655
-0.4313427839059265 0.4255229419692148
-0.43134278391017866 0.42552294196453744
-0.4313427839085544 0.42552294196632423
-0.43134278391017844 0.42552294196453766
-0.43134278390955805 0.4255229419652202
-0.43134278391017844 0.42552294196453766
-0.4313427839099413 0.42552294196479856
-0.43134278391017844 0.42552294196453766
-0.43134278391008785 0.42552294196463736
-0.43134278391017844 0.42552294196453766
-0.4313427839101436 0.42552294196457585
-0.43134278391017844 0.42552294196453766
-0.4313427839101651 0.4255229419645523
-0.431342783910178 0.4255229419645381
-0.4313427839101731 0.42552294196454366
-0.431342783910178 0.4255229419645381
-0.4313427839101762 0.4255229419645401
-0.431342783910178 0.4255229419645381
-0.43134278391017755 0.42552294196453877
-0.43134278391017844 0.42552294196453766
-0.431342783910178 0.4255229419645381
-0.2599003018298674 0.26964271726724626
-0.15394884790423546 0.17330873840431987
-0.08849192872504924 0.11379350538952765
-0.04801847332545783 0.07699392546388983
-0.02301393019900866 0.05425910645223919
-0.007553070236364812 0.040201666920645585
0.0019986652379387904 0.031516966058194984
0.007904713743668745 0.02614702415712622
0.011553476694852682 0.02282946842767014
0.01015892293732823 0.024097435097526987
0.01155319924436693 0.022829720693290256
0.011020585695078133 0.023313987595708685
0.011553093279367599 0.022829817039585032
0.011349675382169022 0.023014770192024248
0.011553052808791209 0.02282985383654723
0.011475362631821528 0.022900491884339458
0.011427527483614253 0.02294398491804095
0.011475640082307337 0.022900239618719287
0.011457261069606595 0.022916950323060126
0.011475636425749836 0.022900242943362015
0.011468617039703144 0.022906625162406657
0.011464175866372717 0.022910663199468828
0.011468449210774168 0.022906777757089436
0.01146681679321282 0.022908261996078372
0.011465872394584964 0.022909120669311056
0.011466920849020124 0.022908167385673583
0.011467504487372104 0.0229076367256158
0.011467241788203242 0.02290787557893248
0.011467103977777893 0.022908000879965307
0.011467281457839096 0.022907839510207417
0.011467366624682007 0.022907762074169113
0.011467318937147086 0.02290780543298876
0.011467366615194374 0.022907762082795546
0.01146741121505529 0.022907721531374103
0.011467403533093112 0.02290772851602557
0.011467411213526957 0.022907721532763714
0.011467408279601243 0.02290772420036974
0.011467411212943202 0.022907721533294456
0.011467410092406594 0.022907722552117205
0.011467411212720269 0.022907721533497183
0.011467410784760435 0.022907721922610036
0.011467411212635115 0.022907721533574565
0.011467411049187026 0.022907721682186133
0.01146741121260264 0.022907721533604153
0.011467411150177853 0.022907721590362473
0.011467411212590206 0.022907721533615477
0.011467411188748666 0.022907721555292804
0.011467411212585432 0.02290772153361975
0.011467411203479827 0.02290772154189885
0.011467411212583656 0.02290772153362136
0.011467411209105993 0.022907721536783388
0.011467411212582934 0.022907721533622027
0.011467411211254719 0.022907721534829673
0.011467411212582657 0.022907721533622305
0.011467411212075396 0.022907721534083547
0.011467411212582546 0.02290772153362236
0.011467411212388756 0.022907721533798553
0.01146741121258249 0.022907721533622416
0.011467411212508494 0.02290772153368975
0.011467411212582435 0.02290772153362247
0.011467411212554235 0.022907721533648173
0.011467411212582435 0.02290772153362247
0.011467411212571665 0.022907721533632297
0.011467411212582435 0.02290772153362247
0.011467411212578327 0.022907721533626246
0.011467411212582435 0.02290772153362247
0.01146741121258088 0.022907721533623915
0.011467411212582435 0.022907721533622527
0.011467411212581824 0.022907721533623082
0.011467411212582435 0.022907721533622527
0.011467411212582213 0.022907721533622694
0.011467411212582435 0.02290772153362247
0.011467411212582379 0.022907721533622583
0.011467411212582435 0.02290772153362247
0.011467411212582435 0.022907721533622527
0.011467411212582435 0.022907721533622527
-0.03230704199669411 -0.025236930218517382
-0.015585200870750472 -0.006845673249199935
-0.005254429913361204 0.004516464564305083
0.001133313396749264 0.011541924726584345
-0.005253159053435635 0.004517862299834748
-0.002813526577465005 0.007201054146853094
-0.0052526736815294225 0.0045183961285791795
-0.004320919487776815 0.005543171491559813
-0.005252488306349511 0.004518600010588569
-0.004896629017654742 0.004909986316319583
-0.0046775204703500516 0.005150969445348506
-0.004897899877580311 0.004908588580789918
-0.004813714944018353 0.005001178071051299
-0.004897883128745364 0.004908607001735624
-0.004949124026252652 0.004852250497311427
-0.004929070932968252 0.004874305580172541
-0.004916971779686936 0.004887612645790011
-0.00492954360662283 0.0048737857174027364
-0.0049370208833506846 0.004865561950851138
-0.004933984002304593 0.0048689020172519165
-0.00493221844546117 0.00487084383749508
-0.004934163608181798 0.004868704480520406
-0.0049352547223110305 0.004867504435610133
-0.004934769307268574 0.004868038311797291
-0.004934511670151753 0.00486832166997446
-0.004934837768881293 0.0048679630153569894
-0.004934713199166611 0.004868100021420862
-0.004934610087530378 0.004868213427150783
-0.004934670909470366 0.004868146533085749
-0.0049347346324615585 0.004868076448344659
-0.0049347264449428885 0.004868085453259771
-0.004934734630832629 0.004868076450136212
-0.004934731503822749 0.00486807988932941
-0.0049347346302105015 0.004868076450820453
-0.004934733435930379 0.004868077764330871
-0.004934734629972896 0.004868076451081775
-0.004934734173848654 0.004868076952742932
-0.0049347346298821496 0.004868076451181584
-0.004934734455677353 0.004868076642778021
-0.00493473462984749 0.004868076451219703
-0.004934734563314495 0.004868076524394981
-0.00493473462983425 0.004868076451234261
-0.004934734604423702 0.004868076479181659
-0.004934734629829195 0.004868076451239822
-0.004934734620124299 0.0048680764619136035
-0.004934734629827263 0.0048680764512419455
-0.004934734626120728 0.004868076455318521
-0.004934734629826527 0.004868076451242757
-0.00493473462841091 0.004868076452799703
-0.004934734629826243 0.00486807645124307
-0.004934734629285585 0.004868076451837705
-0.004934734629826135 0.004868076451243188
-0.004934734629619644 0.004868076451470294
-0.004934734629826094 0.004868076451243236
-0.004934734629747226 0.004868076451329972
-0.004934734629826076 0.004868076451243257
-0.004934734629795955 0.004868076451276383
-0.004934734629826069 0.004868076451243264
-0.004934734629814565 0.0048680764512559135
-0.004934734629826066 0.004868076451243267
-0.004934734629821674 0.004868076451248097
-0.004934734629826066 0.004868076451243267
-0.00493473462982439 0.00486807645124511
-0.004934734629826069 0.004868076451243264
-0.004934734629825424 0.004868076451243968
-0.004934734629826066 0.004868076451243267
-0.004934734629825823 0.004868076451243531
-0.004934734629826069 0.004868076451243264
-0.004934734629825972 0.004868076451243368
-0.004934734629826066 0.004868076451243267
-0.004934734629826031 0.004868076451243306
-0.004934734629826066 0.004868076451243267
-0.004934734629826052 0.004868076451243281
-0.004934734629826069 0.004868076451243264
-0.0049347346298260625 0.004868076451243271
-0.004934734629826069 0.004868076451243264
-0.0029732757286798535 0.0030848615195172846
-0.0017610941277714921 0.0019828346917106295
-0.0010122070654302005 0.0013020013635368843
-0.0005491536938832071 0.0008810271153147425
-0.000263078836068833 0.0006209487839523714
-8.61924481378824e-05 0.00046013662113151416
2.3088147547208927e-05 0.0003607866985510877
9.065874773683206e-05 0.00029935645235351985
0.0001324039352885364 0.0002614047819277975
0.00011644896399068752 0.0002759098745590818
0.00013240076100105337 0.0002614076677577449
0.00012630717454309437 0.00026694751075585603
0.00013239954866448023 0.0002614087699254622
0.00013007226175011134 0.0002635245689226722
0.00013239908564404747 0.0002614091908697651
0.0001315102389165641 0.00026221726528597583
0.00013096296104178964 0.00026271481029062956
0.00013151341320404714 0.00026221437945602756
0.0001313031404780651 0.0002624055440348461
0.00013117202118995402 0.00026252474809885205
0.00013130122036151843 0.0002624072896643334
0.0001312518662779814 0.000262452158786319
0.00013122210875801243 0.0002624792121464015
0.00013125306287507278 0.00026245107092778743
0.0001312714530224135 0.0002624343519512561
0.00013126397088604035 0.0002624411541622502
0.00013125962854969656 0.0002624451018967671
0.00013126442563361675 0.00026244074073902314
0.0001312625931475589 0.0002624424067012819
0.00013126128732217964 0.000262443593862181
0.00013126231244357453 0.0002624426618968081
0.00013126192084720115 0.000262443017907581
0.00013126178614747495 0.0002624431403667176
0.00013126209442150625 0.0002624428601065215
0.00013126217766593843 0.0002624427844267743
0.0001312620795611806 0.00026244287361644296
0.00013126205990525788 0.0002624428914861695
0.00013126214584313622 0.00026244281335773695
0.0001312621579904966 0.0002624428023142462
0.0001312621280304977 0.00026244282955168504
0.00013126212516222698 0.0002624428321593066
0.00013126209807645933 0.0002624428567837055
0.0001312621095189018 0.0002624428463810736
0.0001312621051478887 0.0002624428503548793
0.0001312621095180327 0.00026244284638186465
0.00013126210784863805 0.000262442847899556
0.0001312621095177005 0.0002624428463821665
0.0001312621088801185 0.00026244284696180873
0.000131262109517573 0.00026244284638228185
0.00013126210927406554 0.0002624428466036612
0.0001312621095175253 0.0002624428463823261
0.0001312621094245233 0.00026244284646687564
0.0001312621095175071 0.00026244284638234257
0.0001312621094819869 0.00026244284641463445
0.00013126210951749928 0.0002624428463823495
0.00013126210950393374 0.00026244284639468166
0.00013126210951749668 0.00026244284638235124
0.00013126210951231593 0.000262442846387061
0.00013126210951749668 0.0002624428463823521
0.00013126210951551736 0.000262442846384151
0.00013126210951749494 0.000262442846382353
0.00013126210951674034 0.00026244284638303906
0.0001312621095174958 0.0002624428463823521
0.00013126210951720698 0.0002624428463826149
0.00013126210951749494 0.000262442846382353
0.00013126210951738566 0.0002624428463824527
0.00013126210951749494 0.000262442846382353
0.0001312621095174533 0.00026244284638239027
0.0001312621095174958 0.0002624428463823521
0.00013126210951747933 0.00026244284638236685
0.00013126210951749494 0.000262442846382353
0.00013126210951748974 0.0002624428463823582
0.0001312621095174958 0.0002624428463823521
0.0001312621095174932 0.0002624428463823547
0.00013126210951749494 0.000262442846382353
0.00013126210951749494 0.000262442846382353
0.0001312621095174958 0.0002624428463823521
0.00013126210951749494 0.000262442846382353
0.00013126210951749494 0.000262442846382353
-0.00037006589577972995 -0.0002889962003973527
-0.00017855859775619003 -7.834648452750517e-05
-6.024518850604495e-05 5.179313051250541e-05
1.291059933894727e-05 0.00013226132197478716
-6.023063395139519e-05 5.180913989091148e-05
-3.229068283448438e-05 8.2541873446952e-05
-6.0225075217665145e-05 5.181525425674983e-05
-4.9554137327290104e-05 6.355282278740706e-05
-6.0222952203844006e-05 5.181758947980832e-05
-5.6147464921000424e-05 5.630044860331103e-05
-5.3638118877574455e-05 5.906062033839463e-05
-5.616201947565019e-05 5.628443922490496e-05
-5.519788944718525e-05 5.734494041025799e-05
-5.616182765920473e-05 5.6284650214669574e-05
-5.6748665302022505e-05 5.563915427797634e-05
-5.651900675647208e-05 5.589176871025417e-05
-5.638044090503107e-05 5.6044185132691127e-05
-5.6524420063162005e-05 5.5885814307848e-05
-5.661005375935256e-05 5.5791620958781974e-05
-5.65752738042522e-05 5.582987739984437e-05
-5.655505372094652e-05 5.585211861387207e-05
-5.657733074499176e-05 5.582761485430787e-05
-5.6589826756474625e-05 5.581386978403881e-05
-5.658426752872569e-05 5.581998469327649e-05
-5.6581316933289365e-05 5.582323022019231e-05
-5.658505158703434e-05 5.581912226316734e-05
-5.6583624949303757e-05 5.5820691502750884e-05
-5.658505130320065e-05 5.5819122575372055e-05
-5.6584506436012036e-05 5.581972190563076e-05
-5.658505119479775e-05 5.581912269461055e-05
-5.658484309694164e-05 5.581935159322025e-05
-5.658505115339611e-05 5.5819122740150565e-05
-5.6584971675830494e-05 5.5819210162023176e-05
-5.658505113758383e-05 5.581912275754339e-05
-5.658502078319404e-05 5.581915614605469e-05
-5.658505113154472e-05 5.5819122764186134e-05
-5.658503953847476e-05 5.581913551605994e-05
-5.658505112923824e-05 5.581912276672317e-05
-5.6585046701566606e-05 5.581912763696979e-05
-5.6585051128357354e-05 5.581912276769209e-05
-5.658504943732327e-05 5.5819124627756197e-05
-5.65850511280209e-05 5.581912276806221e-05
-5.6585050482174404e-05 5.581912347846533e-05
-5.6585051127892394e-05 5.5819122768203564e-05
-5.658505088122813e-05 5.581912303952353e-05
-5.658505112784331e-05 5.581912276825753e-05
-5.65850510336363e-05 5.5819122871881156e-05
-5.6585051127824604e-05 5.581912276827813e-05
-5.658505109184468e-05 5.5819122807854464e-05
-5.658505112781742e-05 5.581912276828602e-05
-5.6585051114075837e-05 5.581912278340115e-05
-5.6585051127814684e-05 5.5819122768289026e-05
-5.658505112256647e-05 5.5819122774061834e-05
-5.658505112781368e-05 5.581912276829014e-05
-5.6585051125809235e-05 5.5819122770494944e-05
-5.6585051127813274e-05 5.581912276829057e-05
-5.658505112704772e-05 5.581912276913267e-05
-5.6585051127813085e-05 5.581912276829079e-05
-5.658505112752073e-05 5.581912276861236e-05
-5.658505112781306e-05 5.5819122768290815e-05
-5.658505112770141e-05 5.581912276841363e-05
-5.658505112781306e-05 5.5819122768290815e-05
-5.6585051127770394e-05 5.5819122768337734e-05
-5.6585051127813e-05 5.581912276829087e-05
-5.658505112779677e-05 5.581912276830873e-05
-5.658505112781306e-05 5.5819122768290815e-05
-5.6585051127806823e-05 5.581912276829767e-05
-5.658505112781306e-05 5.5819122768290815e-05
-5.6585051127810645e-05 5.581912276829347e-05
-5.6585051127813e-05 5.581912276829087e-05
-5.658505112781211e-05 5.581912276829187e-05
-5.6585051127813e-05 5.581912276829087e-05
-5.658505112781268e-05 5.581912276829122e-05
-5.658505112781306e-05 5.5819122768290815e-05
-5.6585051127812895e-05 5.581912276829098e-05
-5.6585051127813e-05 5.581912276829087e-05
-5.6585051127812976e-05 5.58191227682909e-05
-5.658505112781306e-05 5.5819122768290815e-05
-3.409180769697131e-05 3.5373971770832065e-05
-2.0190983256711106e-05 2.2738868454402553e-05
-1.1603039361681243e-05 1.493288839503773e-05
-6.292924425501852e-06 1.0106278928161663e-05
-3.0123298576004398e-06 7.124394545484291e-06
-9.83865951979923e-07 5.280629729137641e-06
2.693211729584206e-07 4.1415498949548814e-06
1.0441943849054622e-06 3.4372317351104585e-06
1.5229118666319026e-06 3.002103238452654e-06
1.3399464967610961e-06 3.1684089393541686e-06
1.522875465144711e-06 3.002136325450734e-06
1.4529965992221729e-06 3.065652463961845e-06
1.5228615625431137e-06 3.0021489621693913e-06
1.4961731465545152e-06 3.026407299854103e-06
1.4797042313726905e-06 3.0413766598173296e-06
1.4962095480417135e-06 3.026374212856023e-06
1.506387337624081e-06 3.0171231483987475e-06
1.5024855166355085e-06 3.020669694254697e-06
1.5063865613455576e-06 3.0171238539942552e-06
1.5048963622663172e-06 3.018478364973749e-06
1.5063862648661639e-06 3.0171241234781194e-06
1.5058171220730144e-06 3.017641443729453e-06
1.5063861516335594e-06 3.017124226400476e-06
1.5067504180695033e-06 3.0167931277614985e-06
1.5066190604527707e-06 3.0169125247847387e-06
1.5065330487773682e-06 3.0169907047811713e-06
1.5066112250447213e-06 3.0169196467501097e-06
1.5065813617105918e-06 3.0169467909179707e-06
1.5065659052373797e-06 3.016960840022529e-06
1.506586210529658e-06 3.0169423836016958e-06
1.5065784539080123e-06 3.0169494339544494e-06
1.5065862089864589e-06 3.0169423850043823e-06
1.506588006008456e-06 3.0169407516078325e-06
1.5065854678866707e-06 3.016943058624315e-06
1.5065850435684906e-06 3.016943444306761e-06
1.5065873189566679e-06 3.01694137610104e-06
1.5065864497583863e-06 3.016942166155626e-06
1.5065852056580367e-06 3.016943296976066e-06
1.5065853058293728e-06 3.016943205925696e-06
1.5065852675639276e-06 3.0169432407069354e-06
1.506585305821763e-06 3.0169432059326144e-06
1.5065852912072734e-06 3.0169432192164017e-06
1.5065853058188628e-06 3.0169432059352504e-06
1.5065853002372274e-06 3.0169432110086592e-06
1.5065853058177447e-06 3.016943205936267e-06
1.5065853036859864e-06 3.016943207873919e-06
1.5065853058173178e-06 3.016943205936653e-06
1.5065853050031498e-06 3.016943206676689e-06
1.5065853058171552e-06 3.016943205936802e-06
1.506585305506206e-06 3.01694320621944e-06
1.5065853058170942e-06 3.0169432059368563e-06
1.5065853056983402e-06 3.0169432060448022e-06
1.5065853058170739e-06 3.0169432059368767e-06
1.5065853057717203e-06 3.0169432059781035e-06
1.506585305817067e-06 3.0169432059368834e-06
1.506585305799747e-06 3.0169432059526247e-06
1.5065853058170603e-06 3.0169432059368834e-06
1.5065853058104467e-06 3.0169432059429008e-06
1.5065853058170603e-06 3.0169432059368834e-06
1.5065853058145328e-06 3.0169432059391874e-06
1.5065853058170603e-06 3.0169432059368834e-06
1.5065853058160913e-06 3.0169432059377644e-06
1.5065853058170535e-06 3.0169432059368902e-06
1.5065853058166876e-06 3.0169432059372223e-06
1.5065853058170603e-06 3.0169432059368834e-06
1.506585305816918e-06 3.016943205937019e-06
1.5065853058170535e-06 3.0169432059368902e-06
1.5065853058170061e-06 3.0169432059369377e-06
1.5065853058170535e-06 3.0169432059368902e-06
1.5065853058170332e-06 3.0169432059369105e-06
1.5065853058170535e-06 3.0169432059368902e-06
1.5065853058170468e-06 3.016943205936897e-06
1.5065853058170603e-06 3.0169432059368834e-06
1.5065853058170535e-06 3.0169432059368902e-06
1.5065853058170535e-06 3.0169432059368902e-06
-4.252893955475114e-06 -3.3194927732010552e-06
-2.0527728776615063e-06 -8.989742291703601e-07
-6.935357719965547e-07 5.964246619061951e-07
1.469104797282436e-07 1.5210627457259206e-06
-6.933685627946411e-07 5.966086213155411e-07
-3.7238196855089905e-07 9.497500968403058e-07
-6.933047015874095e-07 5.966788798289961e-07
-5.707122175674626e-07 7.315520847273164e-07
-6.932803114596984e-07 5.967057132414891e-07
-6.464592995928645e-07 6.482170271490749e-07
-6.176308153593756e-07 6.799334092096479e-07
-6.466265087947781e-07 6.480330677397293e-07
-6.355501539024541e-07 6.602189981812381e-07
-6.466243051220768e-07 6.480354921656809e-07
-6.533661571587504e-07 6.40618274067804e-07
-6.50727737568582e-07 6.435209977448495e-07
-6.491358313928546e-07 6.452723733657467e-07
-6.507899280452486e-07 6.434525773276498e-07
-6.517737260618483e-07 6.42370227193935e-07
-6.513741584574205e-07 6.428098215443846e-07
-6.511418611406334e-07 6.430653892804886e-07
-6.513977895081615e-07 6.427838232495129e-07
-6.515413492499353e-07 6.426258823886014e-07
-6.51477482367195e-07 6.426961471461101e-07
-6.514435846135398e-07 6.427334406124336e-07
-6.514864899780216e-07 6.426862371964881e-07
-6.514701001287897e-07 6.427042689013795e-07
-6.514864867172141e-07 6.426862407839479e-07
-6.514910489405485e-07 6.426812215391913e-07
-6.514858665095278e-07 6.426869231210341e-07
-6.514910479094888e-07 6.426812226735378e-07
-6.514976876144587e-07 6.42673917835105e-07
-6.514972761065795e-07 6.426743705658487e-07
-6.514976875325879e-07 6.426739179251768e-07
-6.514975303678526e-07 6.426740908339137e-07
-6.514976875013192e-07 6.426739179595782e-07
-6.514976274763349e-07 6.42673983997574e-07
-6.514976874893773e-07 6.426739179727165e-07
-6.514976645643954e-07 6.426739431942118e-07
-6.514976874848165e-07 6.426739179777339e-07
-6.514976787292152e-07 6.426739276104289e-07
-6.514976874830745e-07 6.426739179796503e-07
-6.514976841390998e-07 6.426739216586083e-07
-6.514976874824088e-07 6.42673917980383e-07
-6.514976862052648e-07 6.426739193854649e-07
-6.514976874821547e-07 6.426739179806625e-07
-6.514976869943827e-07 6.426739185172968e-07
-6.514976874820581e-07 6.426739179807688e-07
-6.514976872957659e-07 6.426739181857224e-07
-6.514976874820208e-07 6.426739179808099e-07
-6.514976874108713e-07 6.426739180590863e-07
-6.514976874820064e-07 6.426739179808256e-07
-6.514976874548332e-07 6.426739180107207e-07
-6.514976874820014e-07 6.426739179808311e-07
-6.514976874716227e-07 6.426739179922491e-07
-6.514976874819988e-07 6.426739179808336e-07
-6.514976874780355e-07 6.426739179851941e-07
-6.514976874819984e-07 6.42673917980834e-07
-6.514976874804843e-07 6.426739179824997e-07
-6.51497687481998e-07 6.426739179808344e-07
-6.514976874814199e-07 6.42673917981471e-07
-6.514976874819975e-07 6.426739179808349e-07
-6.514976874817773e-07 6.426739179810775e-07
-6.51497687481998e-07 6.426739179808344e-07
-6.514976874819137e-07 6.426739179809276e-07
-6.514976874819975e-07 6.426739179808349e-07
-6.514976874819658e-07 6.4267391798087e-07
-6.51497687481998e-07 6.426739179808344e-07
-6.514976874819857e-07 6.426739179808484e-07
-6.514976874819975e-07 6.426739179808349e-07
-6.514976874819933e-07 6.4267391798084e-07
-6.514976874819975e-07 6.426739179808349e-07
-6.514976874819958e-07 6.42673917980837e-07
-6.51497687481998e-07 6.426739179808344e-07
-6.514976874819971e-07 6.426739179808353e-07
-6.51497687481998e-07 6.426739179808344e-07
-3.9251353101554137e-07 4.072845211604902e-07
-2.324613223192711e-07 2.6181387392551744e-07
-1.3358090019277956e-07 1.7194195573846623e-07
-7.244095647080448e-08 1.1637216849470663e-07
-3.4668635218484635e-08 8.204109574725311e-08
-1.1313176716690187e-08 6.081343702013699e-08
3.1158500016959963e-09 4.769896723060964e-08
1.2037635149381557e-08 3.959000159685134e-08
1.754952335580499e-08 3.458027413725192e-08
1.5442884883489686e-08 3.6494987245893575e-08
1.7549104234014743e-08 3.4580655074938464e-08
1.6744528442114184e-08 3.531192996424322e-08
1.754894416134403e-08 3.458080056418342e-08
1.7241657356598266e-08 3.486009199500626e-08
1.7052036499144112e-08 3.503243743833258e-08
1.724207647838862e-08 3.485971105731972e-08
1.735926216829535e-08 3.475320157334404e-08
1.7314337130227025e-08 3.479403371441906e-08
1.7359253230329575e-08 3.4753209697016064e-08
1.734209528009034e-08 3.476880447166404e-08
1.735924981670601e-08 3.475321279964142e-08
1.735269678371879e-08 3.4759168818354186e-08
1.7348737532942017e-08 3.4762767361465494e-08
1.7352842445204295e-08 3.475903642736277e-08
1.7351274368720214e-08 3.476046164418995e-08
1.7350249966738803e-08 3.4761392717996896e-08
1.7351184650825058e-08 3.476054318833342e-08
1.7350827601504104e-08 3.476086770866482e-08
1.7350641288295633e-08 3.4761037047802706e-08
1.7350883125017887e-08 3.4760817243622585e-08
1.7350998266580698e-08 3.476071259203544e-08
1.7350933072521402e-08 3.4760771846587903e-08
1.7350905884952846e-08 3.476079655723222e-08
1.7350954264124037e-08 3.476075258564684e-08
1.7350935783280625e-08 3.4760769382792465e-08
1.735091627060402e-08 3.4760787117766085e-08
1.735092268893646e-08 3.476078128417606e-08
1.7350920237133526e-08 3.476078351260741e-08
1.7350922688448675e-08 3.476078128461927e-08
1.7350921752046235e-08 3.476078213571078e-08
1.7350922688262328e-08 3.476078128478868e-08
1.735092233062776e-08 3.476078160984096e-08
1.7350922688191177e-08 3.476078128485337e-08
1.7350922551601927e-08 3.476078140899865e-08
1.7350922688164072e-08 3.476078128487804e-08
1.7350922635997325e-08 3.4760781332292086e-08
1.7350922688153696e-08 3.4760781284887464e-08
1.7350922668229893e-08 3.4760781302996075e-08
1.7350922688149673e-08 3.476078128489117e-08
1.7350922680540352e-08 3.4760781291807194e-08
1.735092268814819e-08 3.4760781284892546e-08
1.735092268524202e-08 3.476078128753391e-08
1.735092268814766e-08 3.476078128489297e-08
1.7350922687037624e-08 3.476078128590189e-08
1.7350922688147343e-08 3.476078128489329e-08
1.7350922687723403e-08 3.476078128527858e-08
1.7350922688147238e-08 3.476078128489329e-08
1.7350922687985348e-08 3.476078128504046e-08
1.7350922688147238e-08 3.476078128489329e-08
1.7350922688085404e-08 3.476078128494951e-08
1.7350922688147238e-08 3.476078128489339e-08
1.7350922688123626e-08 3.476078128491478e-08
1.7350922688147238e-08 3.476078128489329e-08
1.7350922688138238e-08 3.4760781284901546e-08
1.7350922688147238e-08 3.476078128489329e-08
1.735092268814385e-08 3.4760781284896464e-08
1.7350922688147238e-08 3.476078128489339e-08
1.735092268814586e-08 3.476078128489456e-08
1.7350922688147238e-08 3.476078128489329e-08
1.7350922688146708e-08 3.476078128489382e-08
1.7350922688147238e-08 3.476078128489339e-08
1.7350922688147026e-08 3.47607812848935e-08
1.7350922688147238e-08 3.476078128489329e-08
1.7350922688147238e-08 3.476078128489339e-08
1.7350922688147238e-08 3.476078128489329e-08
1.7350922688147238e-08 3.476078128489339e-08
-4.8997142531829565e-08 -3.8237849919040445e-08
-2.365218161779843e-08 -1.035237279913772e-08
-7.994038225883902e-09 6.875304164990667e-09
1.6877368432759924e-09 1.7527556424793505e-08
-7.992112008854441e-09 6.877423461251777e-09
-4.294409747340617e-09 1.0945774253324716e-08
-7.991376340341682e-09 6.878232871357002e-09
-6.579135101815275e-09 8.432033679268668e-09
-7.991095370880608e-09 6.878542004502034e-09
-7.451726548097654e-09 7.471975824262886e-09
-7.119628095209492e-09 7.837363004814472e-09
-7.453652765127115e-09 7.46985652800178e-09
-7.326055341218584e-09 7.610244002144226e-09
-7.453627379252201e-09 7.469884458494017e-09
-7.531292185103467e-09 7.38443472456335e-09
-7.500898111767247e-09 7.41787542464857e-09
-7.482559666574626e-09 7.438052070237729e-09
-7.501614533793396e-09 7.4170871902501785e-09
-7.512947692922438e-09 7.404618023276078e-09
-7.508344752921152e-09 7.409682350600373e-09
-7.505668733644863e-09 7.412626607431326e-09
-7.508616977965234e-09 7.4093828383910635e-09
-7.510270757877977e-09 7.40756328766954e-09
-7.509535023984472e-09 7.408372769709115e-09
-7.509144528547597e-09 7.4088024074429185e-09
-7.509638789884739e-09 7.408258602571611e-09
-7.50988011606473e-09 7.40799308645212e-09
-7.509748290890071e-09 7.40813812545629e-09
-7.509691308233943e-09 7.4082008199129575e-09
-7.509787891900114e-09 7.408094554938932e-09
-7.509750996939633e-09 7.408135148159012e-09
-7.509713075608583e-09 7.40817687063051e-09
-7.509726527846115e-09 7.4081620699739555e-09
-7.509721389091377e-09 7.408167723824762e-09
-7.509726526823743e-09 7.408162071098809e-09
-7.50972456420998e-09 7.408164230440123e-09
-7.509726526433274e-09 7.408162071528413e-09
-7.509725776863974e-09 7.408162896232692e-09
-7.509726526284147e-09 7.408162071692493e-09
-7.509726240005635e-09 7.4081623866668524e-09
-7.509726526227184e-09 7.408162071755163e-09
-7.509726416890556e-09 7.408162192051428e-09
-7.509726526205432e-09 7.408162071779095e-09
-7.509726484447154e-09 7.408162117723122e-09
-7.50972652619713e-09 7.408162071788231e-09
-7.509726510248638e-09 7.4081620893353585e-09
-7.509726526193954e-09 7.408162071791725e-09
-7.509726520102848e-09 7.40816207849339e-09
-7.509726526192743e-09 7.408162071793058e-09
-7.509726523866407e-09 7.40816207435258e-09
-7.509726526192287e-09 7.408162071793561e-09
-7.509726525303795e-09 7.40816207277111e-09
-7.509726526192108e-09 7.408162071793756e-09
-7.509726525852769e-09 7.408162072167109e-09
-7.509726526192035e-09 7.4081620717938356e-09
-7.509726526062439e-09 7.408162071936422e-09
-7.509726526192012e-09 7.408162071793862e-09
-7.509726526142517e-09 7.408162071848317e-09
-7.509726526192002e-09 7.408162071793872e-09
-7.5097265261731e-09 7.408162071814671e-09
-7.509726526192002e-09 7.408162071793872e-09
-7.509726526184779e-09 7.4081620718018195e-09
-7.509726526191995e-09 7.4081620717938786e-09
-7.509726526189243e-09 7.408162071796906e-09
-7.509726526192002e-09 7.408162071793872e-09
-7.509726526190947e-09 7.408162071795033e-09
-7.509726526192002e-09 7.408162071793872e-09
-7.509726526191595e-09 7.408162071794319e-09
-7.509726526191995e-09 7.4081620717938786e-09
-7.509726526191847e-09 7.408162071794044e-09
-7.509726526192002e-09 7.408162071793872e-09
-7.509726526191939e-09 7.4081620717939414e-09
-7.509726526191995e-09 7.4081620717938786e-09
-7.509726526191979e-09 7.4081620717938984e-09
-7.509726526192002e-09 7.408162071793872e-09
-7.509726526191992e-09 7.408162071793885e-09
-7.509726526192002e-09 7.408162071793872e-09
-4.524618128446402e-09 4.69463702510887e-09
-2.6798211386396197e-09 3.017678546257538e-09
-1.5401036266123938e-09 1.981651842045721e-09
-8.35391176506204e-10 1.3410537031245126e-09
-4.00019086911803e-10 9.452915021155986e-10
-1.3081893097123924e-10 7.005830130476974e-10
3.5493207253823106e-11 5.494018522622914e-10
1.3832766682311694e-10 4.559232094383537e-10
2.0185890362509135e-10 3.9817200601832863e-10
1.775773248577941e-10 4.202444614802064e-10
2.018540727350754e-10 3.9817639739690196e-10
1.925803550459538e-10 4.0660639787672435e-10
2.0185222770223566e-10 3.9817807456977237e-10
1.9831037234753662e-10 4.0139769407302754e-10
1.961247606031847e-10 4.033844601868174e-10
1.9831520323755257e-10 4.013933026944542e-10
1.9966591129556271e-10 4.001654812361325e-10
1.99148095417416e-10 4.006361865398263e-10
1.9966580827460313e-10 4.0016557488430774e-10
1.999873941989057e-10 3.9987324665230285e-10
1.9986556171337986e-10 3.99983994892207e-10
1.9978962788746053e-10 4.000530203047105e-10
1.9986450902964414e-10 3.9998495180341465e-10
1.9983590443332985e-10 4.0001095397090994e-10
1.9986450333867793e-10 3.999849569766212e-10
1.9985357855683464e-10 3.999948878284396e-10
1.998645011651616e-10 3.9998495895239175e-10
1.9987190675590567e-10 3.999782271178011e-10
1.998694829496601e-10 3.99980430407624e-10
1.9986773431952441e-10 3.9998201994845093e-10
1.998690769901231e-10 3.9998079943321e-10
1.998685640899551e-10 3.9998126567003103e-10
1.9986840229623638e-10 3.9998141274385484e-10
1.9986881510584463e-10 3.999810374914145e-10
1.998689150943634e-10 3.9998094659979136e-10
1.9986878101067905e-10 3.9998106848462384e-10
1.9986891506768517e-10 3.999809466240418e-10
1.9986909374963943e-10 3.9998078419846383e-10
1.998690847307767e-10 3.9998079239679563e-10
1.9986909374784444e-10 3.9998078420009503e-10
1.998690903033254e-10 3.999807873312342e-10
1.9986909374715954e-10 3.999807842007187e-10
1.998690924316148e-10 3.999807853965754e-10
1.9986909374689815e-10 3.999807842009561e-10
1.9986909324445872e-10 3.9998078465768307e-10
1.9986909374679723e-10 3.999807842010471e-10
1.9986909355490457e-10 3.9998078437548213e-10
1.9986909374675918e-10 3.9998078420108185e-10
1.9986909367347098e-10 3.9998078426770215e-10
1.998690937467443e-10 3.9998078420109426e-10
1.9986909371875416e-10 3.9998078422653916e-10
1.9986909374673933e-10 3.9998078420110005e-10
1.9986909373604885e-10 3.9998078421081777e-10
1.9986909374673602e-10 3.9998078420110253e-10
1.998690937426547e-10 3.9998078420481327e-10
1.9986909374673602e-10 3.9998078420110253e-10
1.9986909374517761e-10 3.999807842025195e-10
1.9986909374673602e-10 3.9998078420110253e-10
1.9986909374614045e-10 3.9998078420164434e-10
1.9986909374673602e-10 3.9998078420110336e-10
1.9986909374650772e-10 3.9998078420131016e-10
1.9986909374673602e-10 3.9998078420110336e-10
1.9986909374664834e-10 3.9998078420118194e-10
1.9986909374673602e-10 3.9998078420110336e-10
1.9986909374670293e-10 3.9998078420113314e-10
1.9986909374673602e-10 3.9998078420110253e-10
1.9986909374672279e-10 3.999807842011141e-10
1.9986909374673602e-10 3.9998078420110253e-10
1.9986909374673106e-10 3.999807842011075e-10
1.9986909374673602e-10 3.9998078420110336e-10
1.9986909374673437e-10 3.99980784201105e-10
1.9986909374673602e-10 3.9998078420110336e-10
1.9986909374673602e-10 3.9998078420110336e-10
1.9986909374673602e-10 3.9998078420110253e-10
1.9986909374673602e-10 3.9998078420110336e-10
-5.63908860192742e-10 -4.4023983549194076e-10
-2.721456817878614e-10 -1.1927555876919795e-10
-9.189408465814458e-11 7.90165074783605e-11
1.9559449492519796e-11 2.0162486118644825e-10
-9.187191065658587e-11 7.904090076339139e-11
-4.930513107962753e-11 1.2586797364499908e-10
-9.186344187321455e-11 7.905021714438346e-11
-7.560616715006429e-11 9.693460012761868e-11
-9.18602074415942e-11 7.905377529387759e-11
-8.56511640502298e-11 8.588425038036663e-11
-8.182815163815101e-11 9.008988873560203e-11
-8.567333805178851e-11 8.585985709533579e-11
-8.420447684177901e-11 8.747572918191749e-11
-8.567304581762109e-11 8.586017857774046e-11
-8.656709851244367e-11 8.487664467838201e-11
-8.621721154787802e-11 8.526155005654012e-11
-8.600610516367202e-11 8.549378500917766e-11
-8.622545877177934e-11 8.525247740978284e-11
-8.635592251721863e-11 8.510895620905281e-11
-8.630293492693048e-11 8.5167247058793e-11
-8.627212943892161e-11 8.520113571202168e-11
-8.630606869558658e-11 8.516379964710926e-11
-8.632510648717604e-11 8.514285645941396e-11
-8.631663695116228e-11 8.515217366837671e-11
-8.631214169113003e-11 8.515711883621053e-11
-8.631783147140533e-11 8.515085959465453e-11
-8.631565797534018e-11 8.515325062492892e-11
-8.631783103898204e-11 8.515086007035685e-11
-8.631843604604012e-11 8.51501945112076e-11
-8.631774879179681e-11 8.515095054924617e-11
-8.631760593572894e-11 8.515110770305411e-11
-8.631820476819115e-11 8.515044893648474e-11
-8.631797601419053e-11 8.515070058531427e-11
-8.631766050674686e-11 8.51510476702995e-11
-8.631769423163595e-11 8.515101057005717e-11
-8.63176813487283e-11 8.515102474234976e-11
-8.631769422907283e-11 8.515101057287677e-11
-8.631768930878122e-11 8.515101598561541e-11
-8.631769422809396e-11 8.51510105739536e-11
-8.631769234891652e-11 8.515101264120839e-11
-8.631769422772008e-11 8.515101057436492e-11
-8.631769351001713e-11 8.515101136389914e-11
-8.631769422757728e-11 8.515101057452198e-11
-8.631769395346933e-11 8.515101087606405e-11
-8.631769422752274e-11 8.5151010574582e-11
-8.631769412283435e-11 8.515101068974813e-11
-8.631769422750196e-11 8.51510105746049e-11
-8.631769418751889e-11 8.515101061858961e-11
-8.631769422749394e-11 8.515101057461369e-11
-8.631769421222347e-11 8.515101059141249e-11
-8.631769422749095e-11 8.515101057461695e-11
-8.631769422165875e-11 8.515101058103287e-11
-8.631769422748976e-11 8.515101057461824e-11
-8.631769422526231e-11 8.515101057706866e-11
-8.631769422748929e-11 8.515101057461881e-11
-8.631769422663859e-11 8.515101057555461e-11
-8.631769422748919e-11 8.515101057461891e-11
-8.631769422716426e-11 8.515101057497636e-11
-8.631769422748908e-11 8.515101057461907e-11
-8.631769422736501e-11 8.51510105747555e-11
-8.631769422748908e-11 8.515101057461907e-11
-8.631769422744173e-11 8.515101057467113e-11
-8.631769422748914e-11 8.515101057461896e-11
-8.631769422747104e-11 8.515101057463887e-11
-8.631769422748914e-11 8.515101057461896e-11
-8.631769422748216e-11 8.515101057462662e-11
-8.631769422748914e-11 8.515101057461896e-11
-8.631769422748645e-11 8.515101057462191e-11
-8.631769422748908e-11 8.515101057461907e-11
-8.631769422748805e-11 8.515101057462015e-11
-8.631769422748908e-11 8.515101057461907e-11
-8.631769422748867e-11 8.515101057461948e-11
-8.631769422748908e-11 8.515101057461907e-11
-8.631769422748893e-11 8.515101057461917e-11
-8.631769422748914e-11 8.515101057461896e-11
-8.631769422748908e-11 8.515101057461907e-11
-5.200731556639947e-11 5.396034400130321e-11
-3.0803501553846086e-11 3.4684512058994e-11
-1.7703763053943997e-11 2.2775882900918167e-11
-9.603906101148605e-12 1.5412515098956055e-11
-4.5998059941860125e-12 1.0863418760571077e-11
-1.505660638218186e-12 8.050612260221565e-12
4.0590560264154e-13 6.312857458958491e-12
1.5878691286212558e-12 5.23836537582498e-12
2.3180874326296636e-12 4.574543041742489e-12
2.0389986857606227e-12 4.8282553115469845e-12
2.3180319071198176e-12 4.574593518529152e-12
2.211441216560611e-12 4.671492323461951e-12
2.3180107005949918e-12 4.574612796825414e-12
2.2773011576938576e-12 4.611620776000572e-12
2.2521800710989882e-12 4.634457697845116e-12
2.2773566832037035e-12 4.6115702992139095e-12
2.2928815147193416e-12 4.597457081513985e-12
2.2869298183356127e-12 4.602867612807861e-12
2.2928803306122076e-12 4.59745815795476e-12
2.296576589965216e-12 4.594097985390447e-12
2.2951762660390323e-12 4.595370983194041e-12
2.29657631136674e-12 4.59409823865702e-12
2.2960414940515637e-12 4.594584427070161e-12
2.2965762049632926e-12 4.594098335385608e-12
2.29637194539501e-12 4.5942840224091096e-12
2.2965761643252662e-12 4.59409837232858e-12
2.2966902582076044e-12 4.593994652568523e-12
2.296639186763436e-12 4.5940410802807415e-12
2.2966122465762497e-12 4.5940655708992835e-12
2.2966466588239193e-12 4.5940342876262695e-12
2.2966633078596027e-12 4.594019152423997e-12
2.2966540936008777e-12 4.5940275288652774e-12
2.2966633060264025e-12 4.59401915409052e-12
2.2966597868798544e-12 4.594022353254475e-12
2.2966633053262587e-12 4.59401915472701e-12
2.2966619612797337e-12 4.594020376564488e-12
2.2966633050588596e-12 4.5940191549700846e-12
2.296662791735232e-12 4.5940196216191545e-12
2.2966633049567287e-12 4.594019155062923e-12
2.296663108906109e-12 4.5940193332874126e-12
2.296663304917722e-12 4.594019155098388e-12
2.296663230041281e-12 4.5940192231666024e-12
2.2966633049028198e-12 4.594019155111933e-12
2.2966632763057126e-12 4.594019181108824e-12
2.296663304897133e-12 4.594019155117116e-12
2.296663293975208e-12 4.594019165045946e-12
2.2966633048949486e-12 4.5940191551190805e-12
2.296663300723606e-12 4.594019158911148e-12
2.2966633048941214e-12 4.594019155119843e-12
2.2966633033009845e-12 4.59401915656812e-12
2.2966633048938113e-12 4.594019155120127e-12
2.2966633042853553e-12 4.594019155673266e-12
2.296663304893682e-12 4.594019155120244e-12
2.296663304661296e-12 4.594019155331498e-12
2.2966633048936432e-12 4.5940191551202825e-12
2.2966633048048764e-12 4.594019155200971e-12
2.2966633048936174e-12 4.5940191551202954e-12
2.296663304859716e-12 4.594019155151121e-12
2.2966633048936045e-12 4.594019155120308e-12
2.296663304880654e-12 4.594019155132083e-12
2.2966633048935915e-12 4.594019155120321e-12
2.2966633048886543e-12 4.594019155124819e-12
2.2966633048935915e-12 4.594019155120321e-12
2.2966633048917045e-12 4.59401915512204e-12
2.2966633048935915e-12 4.594019155120334e-12
2.2966633048928678e-12 4.5940191551209804e-12
2.2966633048935915e-12 4.594019155120321e-12
2.29666330489332e-12 4.594019155120567e-12
2.2966633048935915e-12 4.594019155120321e-12
2.296663304893488e-12 4.594019155120425e-12
2.2966633048935915e-12 4.594019155120334e-12
2.2966633048935528e-12 4.59401915512036e-12
2.2966633048935915e-12 4.594019155120334e-12
2.2966633048935786e-12 4.594019155120334e-12
2.2966633048935915e-12 4.594019155120321e-12
2.2966633048935915e-12 4.594019155120334e-12
2.2966633048935915e-12 4.594019155120334e-12
-6.477384176752737e-12 -5.057618261311401e-12
-3.125698038763839e-12 -1.3706927682344777e-12
-1.0550228330953058e-12 9.070936620434121e-13
2.2532127161645287e-13 2.315499200398796e-12
-1.054768104948819e-12 9.073738683808848e-13
-5.657739631008851e-13 1.4452777452117269e-12
-1.0546708181562005e-12 9.074808859061177e-13
-8.679122195250702e-13 1.1129192861608609e-12
-1.0546336619952159e-12 9.075217584674262e-13
-9.833060709716203e-13 9.859836140463175e-13
-9.393884739089003e-13 1.034293897747995e-12
-9.83560799118107e-13 9.857034077088444e-13
-9.666869708881898e-13 1.0042649749038e-12
-9.83557442021391e-13 9.857071005860875e-13
-9.938280458729509e-13 9.744092195761634e-13
-9.898086514606429e-13 9.78830638263762e-13
-9.873835259000684e-13 9.814983275655294e-13
-9.899033930458494e-13 9.787264205204023e-13
-9.914021206422845e-13 9.770777885319099e-13
-9.907934154148972e-13 9.777473771294776e-13
-9.90439531392596e-13 9.78136657023149e-13
-9.908294151905433e-13 9.777077766164493e-13
-9.910481155163246e-13 9.77467201642161e-13
-9.909508200775799e-13 9.775742286783157e-13
-9.90899179905509e-13 9.776310339575202e-13
-9.909645423607074e-13 9.775591338772507e-13
-9.909395739028216e-13 9.775865997079133e-13
-9.90964537393161e-13 9.775591393416563e-13
-9.909550013398512e-13 9.775696292015666e-13
-9.909438699415793e-13 9.775818739746073e-13
-9.909465248935311e-13 9.77578953471424e-13
-9.90945510701886e-13 9.775800691036397e-13
-9.909465246917556e-13 9.775789536933818e-13
-9.909461373476248e-13 9.775793797801007e-13
-9.909465246146921e-13 9.775789537781529e-13
-9.909463766786724e-13 9.775791165108969e-13
-9.909465245852593e-13 9.775789538105296e-13
-9.909464680849437e-13 9.775790159620693e-13
-9.909465245740189e-13 9.775789538228945e-13
-9.909465029951923e-13 9.775789775600591e-13
-9.909465245697259e-13 9.775789538276169e-13
-9.909465163282544e-13 9.775789628934094e-13
-9.90946524568086e-13 9.775789538294203e-13
-9.909465214204708e-13 9.775789572918638e-13
-9.909465245674608e-13 9.775789538301085e-13
-9.909465233653105e-13 9.77578955152499e-13
-9.909465245672213e-13 9.775789538303719e-13
-9.909465241080916e-13 9.775789543354242e-13
-9.9094652456713e-13 9.775789538304724e-13
-9.909465243917778e-13 9.775789540233634e-13
-9.909465245670957e-13 9.7757895383051e-13
-9.909465245001244e-13 9.775789539041796e-13
-9.909465245670828e-13 9.775789538305241e-13
-9.909465245415048e-13 9.775789538586608e-13
-9.909465245670771e-13 9.775789538305306e-13
-9.909465245573085e-13 9.775789538412763e-13
-9.90946524567075e-13 9.775789538305326e-13
-9.909465245633443e-13 9.775789538346366e-13
-9.909465245670747e-13 9.775789538305334e-13
-9.909465245656497e-13 9.775789538321005e-13
-9.909465245670747e-13 9.775789538305334e-13
-9.909465245665302e-13 9.775789538311324e-13
-9.909465245670747e-13 9.775789538305334e-13
-9.909465245668667e-13 9.77578953830762e-13
-9.909465245670747e-13 9.775789538305334e-13
-9.909465245669947e-13 9.77578953830621e-13
-9.909465245670747e-13 9.775789538305334e-13
-9.90946524567044e-13 9.77578953830567e-13
-9.909465245670739e-13 9.775789538305342e-13
-9.909465245670626e-13 9.775789538305468e-13
-9.909465245670739e-13 9.775789538305342e-13
-9.909465245670694e-13 9.77578953830539e-13
-9.909465245670739e-13 9.775789538305342e-13
-9.909465245670727e-13 9.775789538305354e-13
-9.909465245670747e-13 9.775789538305334e-13
-9.909465245670739e-13 9.775789538305342e-13
-5.970857161181564e-13 6.194630295315996e-13
-3.5367973649672535e-13 3.98147388314858e-13
-2.0330326741123405e-13 2.6141835342702813e-13
-1.103221831958474e-13 1.768757784822329e-13
-5.287837200518971e-14 1.2464528715508183e-13
-1.735959783491211e-14 9.235002352617016e-14
4.5839380399193426e-15 7.239797583919838e-14
1.815210977296534e-14 6.006118513295414e-14
2.653454047715074e-14 5.243950291653104e-14
2.3330783370398447e-14 5.5352502668987296e-14
2.6533903080448994e-14 5.2440082466219824e-14
2.5310311351209706e-14 5.3552626983677064e-14
2.6533659643350922e-14 5.244030381015536e-14
2.6066340595753144e-14 5.2865211262440484e-14
2.6533566668880756e-14 5.244038834671644e-14
2.635508630894604e-14 5.260267070052311e-14
2.6245192950447004e-14 5.270259067430302e-14
2.635572370564799e-14 5.2602091150834124e-14
2.6313500957161178e-14 5.264048196879909e-14
2.6355715305310598e-14 5.260209878879796e-14
2.6339589424317587e-14 5.261676116355823e-14
2.6329386561542996e-14 5.26260380643176e-14
2.63392038650509e-14 5.261711173134805e-14
2.633545365511086e-14 5.2620521590542594e-14
2.6339203118936006e-14 5.2617112409749447e-14
2.6341759024305483e-14 5.2614788465873166e-14
2.634093023711027e-14 5.261554203638882e-14
2.6341758859416035e-14 5.261478861579824e-14
2.6342123049598873e-14 5.2614457477738445e-14
2.634189250954831e-14 5.2614667095099355e-14
2.6342123003732354e-14 5.26144575194424e-14
2.6342356776814504e-14 5.2614244962463753e-14
2.634232392723257e-14 5.261427483077811e-14
2.634235677027905e-14 5.2614244968406085e-14
2.6342344224235213e-14 5.261425637583217e-14
2.6342356767782968e-14 5.261424497067558e-14
2.6342351976147822e-14 5.261424932744556e-14
2.634235676682957e-14 5.2614244971542545e-14
2.6342354936789197e-14 5.261424663549733e-14
2.6342356766465658e-14 5.261424497187354e-14
2.634235606752914e-14 5.2614245607377864e-14
2.6342356766326516e-14 5.261424497199996e-14
2.634235649938588e-14 5.261424521471426e-14
2.6342356766273403e-14 5.2614244972048224e-14
2.6342356664322383e-14 5.2614245064746777e-14
2.6342356766253007e-14 5.2614244972066803e-14
2.634235672731554e-14 5.2614245007470376e-14
2.6342356766245333e-14 5.261424497207367e-14
2.6342356751374257e-14 5.2614244985595326e-14
2.6342356766242303e-14 5.2614244972076497e-14
2.6342356760562707e-14 5.261424497724052e-14
2.6342356766241294e-14 5.2614244972077506e-14
2.6342356764071964e-14 5.2614244974049734e-14
2.6342356766240688e-14 5.261424497207791e-14
2.6342356765412296e-14 5.261424497283118e-14
2.6342356766240688e-14 5.261424497207791e-14
2.6342356765924235e-14 5.261424497236569e-14
2.6342356766240688e-14 5.261424497207791e-14
2.634235676611972e-14 5.261424497218797e-14
2.6342356766240486e-14 5.261424497207811e-14
2.6342356766194442e-14 5.261424497212012e-14
2.6342356766240486e-14 5.261424497207811e-14
2.6342356766222916e-14 5.2614244972094066e-14
2.6342356766240486e-14 5.261424497207811e-14
2.6342356766233822e-14 5.261424497208417e-14
2.6342356766240486e-14 5.261424497207811e-14
2.6342356766238063e-14 5.2614244972080334e-14
2.6342356766240688e-14 5.261424497207791e-14
2.6342356766239678e-14 5.261424497207892e-14
2.6342356766240486e-14 5.261424497207811e-14
2.6342356766240284e-14 5.2614244972078516e-14
2.6342356766240486e-14 5.261424497207811e-14
2.6342356766240486e-14 5.261424497207811e-14
2.6342356766240688e-14 5.261424497207791e-14
2.6342356766240486e-14 5.261424497207811e-14
2.6342356766240486e-14 5.261424497207811e-14
-7.420468910878922e-14 -5.796866220072049e-14
-3.579571758452787e-14 -1.572599166071142e-14
-1.2066614758020858e-14 1.037157443206905e-14
2.6056123642469736e-15 2.650827457835251e-14
-1.2063695676185023e-14 1.0374784875030082e-14
-6.460020004740001e-15 1.6537777941699248e-14
-1.2062580808773954e-14 1.037601102024753e-14
-9.922402581632983e-15 1.272980598424209e-14
-1.2062155014152838e-14 1.0376479314533565e-14
-1.1244769584930255e-14 1.1275450102362221e-14
-1.0741491633013157e-14 1.1828961531311984e-14
-1.1247688666766097e-14 1.1272239659401182e-14
-1.1054321399872469e-14 1.148490741447111e-14
-1.1247650195791531e-14 1.1272281970263451e-14
-1.1365347174157243e-14 1.1142837351380152e-14
-1.1319286535072537e-14 1.1193495422255302e-14
-1.1291495574116165e-14 1.1224060271067478e-14
-1.1320372235433056e-14 1.1192301355327327e-14
-1.1337547049304096e-14 1.1173412278761402e-14
-1.1330571532867633e-14 1.1181084039576076e-14
-1.132651616468104e-14 1.1185544184574142e-14
-1.1330984075779096e-14 1.1180630319687185e-14
-1.1333490293318405e-14 1.1177873950078383e-14
-1.1332375326826218e-14 1.1179100204266495e-14
-1.1331783551278955e-14 1.1179751046465198e-14
-1.1332532578657146e-14 1.1178927256722677e-14
-1.1332246450198678e-14 1.1179241944404321e-14
-1.1332009609538002e-14 1.1179502424745296e-14
-1.13321493135421e-14 1.1179348776522401e-14
-1.1332295681070393e-14 1.1179187799671673e-14
-1.1332276874877397e-14 1.1179208482959547e-14
-1.1332295677328851e-14 1.1179187803786669e-14
-1.1332288494792397e-14 1.1179195703230713e-14
-1.1332295675899858e-14 1.1179187805358294e-14
-1.1332292932716815e-14 1.1179190822345555e-14
-1.1332295675354105e-14 1.1179187805958523e-14
-1.1332294627666656e-14 1.117918895821837e-14
-1.1332295675145657e-14 1.1179187806187772e-14
-1.1332295275008679e-14 1.1179188246263465e-14
-1.1332295675066051e-14 1.1179187806275329e-14
-1.133229552224413e-14 1.1179187974350797e-14
-1.1332295675035645e-14 1.117918780630877e-14
-1.1332295616669279e-14 1.1179187870500831e-14
-1.1332295675024027e-14 1.1179187806321544e-14
-1.1332295652732516e-14 1.1179187830838028e-14
-1.133229567501959e-14 1.1179187806326422e-14
-1.1332295666505926e-14 1.117918781568986e-14
-1.1332295675017899e-14 1.1179187806328284e-14
-1.1332295671766322e-14 1.1179187809904411e-14
-1.1332295675017249e-14 1.1179187806329003e-14
-1.1332295673775393e-14 1.1179187807694812e-14
-1.1332295675016997e-14 1.1179187806329275e-14
-1.1332295674542708e-14 1.1179187806850907e-14
-1.1332295675016902e-14 1.1179187806329376e-14
-1.1332295674835754e-14 1.117918780652861e-14
-1.1332295675016858e-14 1.1179187806329426e-14
-1.1332295674947678e-14 1.1179187806405516e-14
-1.1332295675016845e-14 1.1179187806329445e-14
-1.1332295674990422e-14 1.1179187806358507e-14
-1.1332295675016839e-14 1.1179187806329451e-14
-1.1332295675006748e-14 1.1179187806340546e-14
-1.1332295675016839e-14 1.1179187806329451e-14
-1.133229567501299e-14 1.1179187806333686e-14
-1.1332295675016845e-14 1.1179187806329445e-14
-1.1332295675015369e-14 1.1179187806331067e-14
-1.1332295675016839e-14 1.1179187806329451e-14
-1.1332295675016284e-14 1.1179187806330063e-14
-1.1332295675016845e-14 1.1179187806329445e-14
-1.1332295675016624e-14 1.1179187806329685e-14
-1.1332295675016839e-14 1.1179187806329451e-14
-1.1332295675016757e-14 1.117918780632954e-14
-1.1332295675016839e-14 1.1179187806329451e-14
-1.1332295675016807e-14 1.1179187806329483e-14
-1.1332295675016845e-14 1.1179187806329445e-14
-1.1332295675016833e-14 1.1179187806329458e-14
-1.1332295675016845e-14 1.1179187806329445e-14
-6.827897109000724e-15 7.084199681974479e-15
-4.04417879520276e-15 4.553497021123109e-15
-2.324394706050092e-15 2.9900262672987037e-15
-1.2610143101792714e-15 2.023297850853481e-15
-6.0405678812295e-16 1.426052022892558e-15
-1.9784547690029875e-16 1.056761767810485e-15
5.311229652521776e-17 8.286138615294104e-16
2.0828501741227057e-16 6.875449840880587e-16
3.0415088686081624e-16 6.003924838886889e-16
2.675110420020423e-16 6.337020872410383e-16
3.041435972581747e-16 6.0039911093019265e-16
2.9014996115033216e-16 6.131208478809349e-16
3.0414081318397524e-16 6.004016419563929e-16
2.9879630770712363e-16 6.052603786195674e-16
2.9549831477173805e-16 6.082586128358978e-16
2.988035973097652e-16 6.052537515780636e-16
3.0084175694383536e-16 6.034008428323705e-16
3.0006039533541135e-16 6.041111855030795e-16
3.008416014896937e-16 6.034009841570904e-16
3.013268606438922e-16 6.029598308167383e-16
3.0114302072923115e-16 6.031269612907158e-16
3.0132682406841156e-16 6.029598640678266e-16
3.0143881230609823e-16 6.028580545816837e-16
3.0139504242664248e-16 6.028978461618359e-16
3.014388035979558e-16 6.02858062498332e-16
3.014668209599336e-16 6.028325916695641e-16
3.014567197354182e-16 6.028417747810996e-16
3.014668189502647e-16 6.028325934965706e-16
3.014629610501926e-16 6.02836100747262e-16
3.014602034073363e-16 6.028386077444956e-16
3.0146235631658237e-16 6.028366505158748e-16
3.014640605398688e-16 6.028351011915833e-16
3.014636405348107e-16 6.028354830218541e-16
3.0146406045630637e-16 6.028351012675506e-16
3.0146408879244725e-16 6.028350755069175e-16
3.0146393507324894e-16 6.028352152543858e-16
3.0146392838243525e-16 6.028352213370619e-16
3.0146378138463477e-16 6.0283535497404825e-16
3.014638400936844e-16 6.028353016011362e-16
3.01463817666828e-16 6.028353219895887e-16
3.014638400892226e-16 6.028353016051925e-16
3.0146383152386714e-16 6.028353093920322e-16
3.0146384008751867e-16 6.028353016067418e-16
3.01463836816204e-16 6.028353045807238e-16
3.0146384008686864e-16 6.028353016073335e-16
3.014638388374739e-16 6.028353027431701e-16
3.0146384008661936e-16 6.028353016075607e-16
3.014638396094453e-16 6.028353020413632e-16
3.014638400865231e-16 6.028353016076475e-16
3.014638399042789e-16 6.028353017733272e-16
3.0146384008648683e-16 6.028353016076806e-16
3.0146384001688406e-16 6.028353016709567e-16
3.014638400864742e-16 6.028353016076916e-16
3.014638400598912e-16 6.028353016318592e-16
3.014638400864695e-16 6.028353016076964e-16
3.0146384007631526e-16 6.028353016169276e-16
3.014638400864663e-16 6.028353016076995e-16
3.014638400825883e-16 6.0283530161122415e-16
3.0146384008646475e-16 6.028353016077011e-16
3.0146384008498484e-16 6.028353016090469e-16
3.0146384008646475e-16 6.028353016077011e-16
3.014638400858999e-16 6.028353016082154e-16
3.0146384008646475e-16 6.028353016077011e-16
3.014638400862486e-16 6.028353016078967e-16
3.0146384008646475e-16 6.028353016077011e-16
3.014638400863827e-16 6.0283530160777525e-16
3.0146384008646475e-16 6.028353016077011e-16
3.014638400864332e-16 6.028353016077295e-16
3.0146384008646475e-16 6.028353016077011e-16
3.014638400864537e-16 6.028353016077106e-16
3.0146384008646475e-16 6.028353016077011e-16
3.014638400864616e-16 6.028353016077043e-16
3.0146384008646475e-16 6.028353016077011e-16
3.0146384008646317e-16 6.028353016077011e-16
3.014638400864663e-16 6.028353016076995e-16
3.0146384008646475e-16 6.028353016077011e-16
3.0146384008646475e-16 6.028353016077011e-16
-8.500221628576606e-16 -6.637745992811017e-16
-4.1015450973300475e-16 -1.79929617141579e-16
-1.3840381303819113e-16 1.189903194681785e-16
2.9625630455427395e-17 3.038191026454761e-16
-1.3837038309655372e-16 1.19027091686821e-16
-7.419590591969694e-17 1.8961763987302726e-16
-1.383576153995238e-16 1.1904113587965382e-16
-1.1384784237822996e-16 1.4600136040512243e-16
-1.383527391096033e-16 1.1904649969395734e-16
-1.289918685582187e-16 1.2934325648562245e-16
-1.2322822317033515e-16 1.3568314276720986e-16
-1.290252984998561e-16 1.2930648426697986e-16
-1.268108157239791e-16 1.3174236781406773e-16
-1.2902485792213104e-16 1.2930696889302588e-16
-1.3037274857369115e-16 1.278243180920467e-16
-1.2984525240778068e-16 1.2840455255839261e-16
-1.2952698445399708e-16 1.2875464047988462e-16
-1.2985768607758816e-16 1.2839087578833872e-16
-1.3005437567302646e-16 1.281745214528566e-16
-1.2997449058570255e-16 1.2826239333517138e-16
-1.2992804765281461e-16 1.283134795650272e-16
-1.2997921511424563e-16 1.2825719645512735e-16
-1.3000791684677026e-16 1.2822562516507646e-16
-1.2999514801504248e-16 1.282396706060527e-16
-1.2998837087650366e-16 1.2824712531305826e-16
-1.2999694889621877e-16 1.2823768967539233e-16
-1.299936720926876e-16 1.2824129408898068e-16
-1.2999694824428928e-16 1.2823769039250071e-16
-1.2999569675437743e-16 1.2823906700455607e-16
-1.2999423589502713e-16 1.2824067391850223e-16
-1.2999458432487295e-16 1.282402906531465e-16
-1.299944512246719e-16 1.2824043706051229e-16
-1.2999458429839237e-16 1.282402906822746e-16
-1.2999453346423113e-16 1.2824034659876145e-16
-1.2999458428827873e-16 1.282402906933994e-16
-1.2999456487349258e-16 1.2824031204924767e-16
-1.2999458428441607e-16 1.282402906976482e-16
-1.2999457686944335e-16 1.2824029885395918e-16
-1.299945842829409e-16 1.282402906992709e-16
-1.2999458145098488e-16 1.2824029381436182e-16
-1.299945842823775e-16 1.2824029069989064e-16
-1.2999458320078555e-16 1.2824029188961852e-16
-1.299945842821623e-16 1.282402907001273e-16
-1.2999458386907646e-16 1.2824029115451296e-16
-1.2999458428208025e-16 1.2824029070021763e-16
-1.2999458412431276e-16 1.2824029087375845e-16
-1.2999458428204875e-16 1.2824029070025224e-16
-1.2999458422179368e-16 1.2824029076653154e-16
-1.2999458428203682e-16 1.2824029070026535e-16
-1.2999458425902397e-16 1.28240290725579e-16
-1.2999458428203228e-16 1.2824029070027038e-16
-1.2999458427324319e-16 1.2824029070993817e-16
-1.299945842820306e-16 1.2824029070027216e-16
-1.299945842786738e-16 1.2824029070396462e-16
-1.2999458428202986e-16 1.2824029070027304e-16
-1.2999458428074787e-16 1.2824029070168323e-16
-1.2999458428202962e-16 1.2824029070027324e-16
-1.2999458428153998e-16 1.2824029070081184e-16
-1.2999458428202952e-16 1.2824029070027334e-16
-1.2999458428184256e-16 1.2824029070047904e-16
-1.2999458428202952e-16 1.2824029070027334e-16
-1.2999458428195808e-16 1.2824029070035193e-16
-1.2999458428202952e-16 1.2824029070027334e-16
-1.2999458428200225e-16 1.2824029070030342e-16
-1.2999458428202952e-16 1.2824029070027334e-16
-1.2999458428201907e-16 1.2824029070028488e-16
-1.2999458428202952e-16 1.2824029070027334e-16
-1.2999458428202553e-16 1.2824029070027778e-16
-1.2999458428202942e-16 1.2824029070027344e-16
-1.2999458428202794e-16 1.2824029070027512e-16
-1.2999458428202942e-16 1.2824029070027344e-16
-1.2999458428202888e-16 1.2824029070027413e-16
-1.2999458428202942e-16 1.2824029070027344e-16
-1.2999458428202927e-16 1.2824029070027364e-16
-1.2999458428202952e-16 1.2824029070027334e-16
-1.2999458428202942e-16 1.2824029070027344e-16
