1 2
0.98 1.96
1.03914919257164 2.0770564646623573
0.8653652900511439 1.7430549814427723
1.3184117466265377 2.335914296189796
0.7208825464622363 1.7502221450857678
1.3242975504772052 2.343535620247246
0.7367221624081803 1.7737674133915
1.3481209427540972 2.3596175512095665
0.8085133632480385 1.827336435751129
1.3786739012061835 2.346377888505381
0.9171854491896958 1.782857274513402
1.2112256582446428 2.3621763884395337
0.5772371177543355 1.8363269750781073
0.8587837605346395 2.3377351238223114
1.3287822728027059 1.7557363901355525
0.7493070608655983 2.348532118750498
1.3626334959547095 1.7898565845713403
0.8579461072254696 2.3627787542238137
1.3300429938602962 1.8384614559881636
0.7529242020863862 2.335428844981512
1.3660781985539767 1.74876388016287
0.8702736552110479 2.342088181907716
1.310152452742176 1.7692023240610908
0.6999754340107346 2.3575691836108783
1.2835123807842637 1.820229728725626
0.6434012190175109 2.35195799208653
1.123108739025598 1.8011802995408477
0.6616690529625363 2.361266802121772
1.182443963412518 1.8331168646662113
0.5862345906316344 2.3410211236441056
0.898535620790631 1.765864768013707
1.254542614442021 2.355746987255148
0.601389141979532 1.813975928519645
0.9631003412631318 2.355932317430632
1.0882107767489717 1.8146090284799465
0.7357617741688015 2.3555703429435546
1.3468524199589016 1.8133731204960704
0.804390976865851 2.356268473106708
1.3802860860424868 1.8157590791419422
0.9233907421077294 2.3548894393851736
1.1958195431674523 1.8110552107647986
0.579642211929929 2.357483539703875
0.8695055885473607 1.8199343557846004
1.3114739008108494 2.352165566159777
0.7032156652932001 1.8018739429396997
1.2905185038571192 2.3610754106401273
0.6566416722247638 1.832443402932586
1.1667940765330829 2.341682480126494
0.5990670613544085 1.7679305732121033
0.9534160737292864 2.356907230881531
1.1156390563743213 1.8179504397212454
0.6759226775623011 2.3535089247501597
1.2238844156718898 1.8063836577354526
0.5795280398032823 2.3595561435694323
0.8689981545112291 1.8271222139203827
1.3123410667083422 2.346562413305824
0.7053637910637743 1.7834531199665817
1.2950259388241656 2.362273827786858
0.6657836767036536 1.836671783332652
1.1948564942676643 2.3373691007254656
0.5799786918999286 1.7546222705064052
0.8710001605393023 2.3475833890209694
1.3088927107693284 1.786762460330917
0.6969239949071837 2.3626584092475387
1.2766880058134031 1.8380344656185246
0.6316487202830361 2.3358979099792783
1.081471227187638 1.7501728346589092
0.7520703050330761 2.3434875373267428
1.3652942702010753 1.7736150740395518
0.8674487742094992 2.3595574542178124
1.3149598022608755 1.8271267854458637
0.711955362563183 2.346558488097
1.30816877723222 1.7834404405220472
0.6951870215490714 2.362271843449987
1.2727057970121756 1.8366647632564486
0.6253164694800069 2.337376578248886
1.0579809949888874 1.7546450088172783
0.8129512890789838 2.347603058647786
1.3764987668011517 1.7868264249102843
0.9088840083931806 2.3626632370286407
1.2310878317211988 1.8380515907308097
0.582578333633284 2.335879168825053
0.8825012171438736 1.750116451677337
1.2877138722113175 2.34343248687068
0.6511992126516127 1.7734407088549569
1.1492638927511 2.3594879635690327
0.6196718030751183 1.826884453343582
1.036446583825393 2.346766034490234
0.8730866025658155 1.7841114374023659
1.3052222655983472 2.3623714598858205
0.688242801573393 1.8370174562397743
1.2560844577814314 2.3369996214291597
0.6031033312235411 1.7535005113317683
0.9701984368715819 2.3465970629083612
1.067760006085449 1.7835650801584673
0.7869075324129602 2.3622911707562335
1.382669208247616 1.8367331827016904
0.9326439063592411 2.3373036560449174
1.172035233263538 1.7544233664050446
0.5941691423090826 2.347410774793946
0.9327354574831854 1.786201469321651
1.1717953694495093 2.362611863304124
0.5943802503067405 1.8378693940452409
0.933633778424874 2.3360782139348792
1.1694372538048179 1.7507156680901415
0.5965224991551519 2.3440135345398136
0.9427144537678838 1.7752842225604542
1.1451627830973745 2.3601849023697534
0.6253968763895187 1.8293190781426942
1.0582837486810837 2.344622414069827
0.8121316117302626 1.7772235115777058
1.376934605266258 2.360828217922184
0.9105408517598048 1.8315746189208082
1.2271951905964746 2.3425212068771244
0.5807717723578278 1.7705634944640554
0.8745174879759614 2.3582335568404695
1.3026603431433503 1.8225258782090727
0.6823695160565764 2.350277771675362
1.241161515873471 1.7955971813024867
0.5889883783859952 2.3623935679262313
0.9104997256798489 1.8370957624437527
1.2272922555012449 2.3369155721157546
0.5808122902896042 1.7532457330499627
0.8746969872500534 2.3463686930781504
1.3023364096667405 1.782827597301653
0.6816378394541656 2.362171313762735
1.2392475930628692 1.836309021728902
0.5875774744105389 2.337754112244644
0.9043822029185344 1.7557942701919922
1.241476516420846 2.3485805646929445
0.5892292779213042 1.790015068430427
0.9115416329628081 2.3627787205970483
1.2248263090377898 1.8384613356881614
0.5798545354373794 2.335428977014622
0.870448841429506 1.7487642730185682
1.309849554873262 2.342088577128315
0.699238383052352 1.7692035656925158
1.2818840758776693 2.3575698101843914
0.6404940767087361 1.820231888631521
1.1130529279508017 2.3519564671804924
0.681074220587723 1.801175212205056
1.2377650434274599 2.361268162253697
0.5865468817881072 1.833121652041332
0.8998973303965057 2.341016390702516
1.2515435880354369 1.7658500194581652
0.5982237397793586 2.3557383282828486
0.9498796044949348 1.813946363478005
1.125495099938279 2.355948999624042
0.6573169587819289 1.8146660490651714
1.1689267908303451 2.3555372907793997
0.5970021549692889 1.8132603934293607
0.944738798522069 2.3563304098670517
1.1396492675772447 1.8159712106259756
0.6336123052339842 2.3547605585640676
1.0886079469423582 1.8106175056914449
0.7348187920688348 2.357699135891311
1.345584718906756 1.8206781906180067
0.800303977845742 2.3516390965272045
1.3814924050555961 1.8001163319584044
0.9280626938181924 2.361538360692308
1.1839267465907144 1.834073609066722
0.5853018007441133 2.340064819385348
0.8944608841105073 1.7628938000552603
1.2633520350618928 2.353893662427673
0.6119762451922728 1.807681808705671
1.006222464588864 2.3590309022067277
0.9615389665661049 1.8252928396465542
1.0926727184353067 2.348097093529245
0.7252883470142302 1.7884355590589252
1.331542524107736 2.3627521221430325
0.7572714703593196 1.8383669428777527
1.369788910678381 2.335532999589496
0.8837985756216635 1.7490763301585033
1.2851830317793478 2.3424027573226125
0.6464508209078162 1.770190779766072
1.1334806570856422 2.3580561710515835
0.6434904069479046 1.8219119848072225
1.1234146542127665 2.350738531255973
0.6611056014130732 1.7971226095758608
1.1807162972520016 2.3621590165865483
0.5873841002567827 1.8362655204700542
0.9035417345150529 2.3378000949278395
1.243384914694649 1.7559344500234824
0.5907413344256585 2.3486975544989623
0.9180638198725883 1.7903979868381805
1.2090729944579308 2.362776135667013
0.5772332287839876 1.8384521646518264
0.8587663675359714 2.33543908828776
1.3288085890821444 1.7487945965796343
0.7493822073498694 2.3421192179796457
1.3627083587208717 1.7692997576769058
0.8582116547710018 2.357618254934846
1.3296447960025386 1.8203990374057517
0.7517779844363324 2.3518381254519007
1.365021751459419 1.8007801412833668
0.8664694236644698 2.3613720640572913
1.316592382086177 1.8334875522480243
0.7161437785695504 2.3406529403936065
1.315976661450715 1.764718662873498
0.7145570221261156 2.355057869400869
1.3130686011628283 1.8116277336266702
0.7071793310919823 2.3571948824110422
1.2987497656622948 1.818939861888067
0.6737015689725668 2.352850038638227
1.2177176870221884 1.8041672794193206
0.5779257948038005 2.3603622469763548
0.8618607813951396 1.8299400796851981
1.3240357691881084 2.3440549265567916
0.7360012555080612 1.7754158156000046
1.347170871492024 2.3602314733282714
0.8054227937828076 1.8294821006582276
1.3799196793209088 2.344474249481662
0.9219765566646478 1.77675090109177
1.1993706809341333 2.360679919714881
0.5785892429721774 1.8310539666614591
0.8648198500049533 2.343016030186756
1.3193021633995 1.772123688287515
0.7232289902369082 2.358939014450282
1.3282151595751346 1.8249733461710562
0.7476912551534234 2.348357549670424
1.3609898524892388 1.7892858821280755
0.8521425672563189 2.362773896770402
1.3384023829492204 1.8384442171147102
0.777774708022629 2.335447855425226
1.3809942791362155 1.7488208902080973
0.9261305291296138 2.3421457591990964
1.188874703133215 1.7693830900243084
0.5825513923679597 2.3576600374842713
0.8823824465786225 1.8205432320600017
1.2879441643272644 2.351735537873965
0.6516389610798109 1.800437887585126
1.150702715161537 2.3614591002639447
0.6177426127372716 1.8337942142430754
1.0289619187293981 2.340346119444627
0.8946755957497432 1.763765735008824
1.262894091595538 2.354460196049362
0.6113785626143957 1.8095986696005408
1.0038346196860815 2.358183885509773
0.9686209207419919 1.8223539159195425
1.0723271196727322 2.3504076865417614
0.7750717139589544 1.7960268587553985
1.3801088130819554 2.362333092222426
0.9227062531498162 1.8368815967033258
1.1975412442472666 2.3371451380191908
0.5790947399737936 1.7539419595682944
0.8670709620120627 2.346988933846361
1.3155917058589561 1.7848330407952036
0.7135693391446075 2.3624664148394525
1.311227703917404 1.837353826703211
0.7026089338441182 2.3366376573253675
1.2892255286355305 1.7524043744173206
0.6541091082013724 2.3456031223370015
1.1587119409955617 1.780363078317373
0.6077728724073762 2.3616749073512877
0.9893091082167024 1.834555209503041
1.0116971402954453 2.3395760127679206
0.9453262999477802 1.761382609616477
1.138042615932506 2.352867258245131
0.6361161618490465 1.804225098155099
1.097604934479738 2.360342672264228
0.7140275296350429 1.8298715055654433
1.3120846375604578 2.3441180052258366
0.7047267763868321 1.775616426129301
1.293700737263297 2.3603016367618355
0.6630455024133042 1.8297277765822118
1.186636290062459 2.34424988155516
0.58372634784413 1.7760360854140052
0.8875538148088518 2.360445240809442
1.2777014090223375 1.8302309065859204
0.6333221371414373 2.3437862783494263
1.0875577814819524 1.774562372352777
0.7373166196162868 2.3599219333425983
1.3488947050388027 1.8283993543059078
0.8110439073004455 2.3454474456593064
1.3774891625799865 1.779863385909513
0.9126537517270885 2.3615562349722397
1.2221785119733655 1.8341366322908126
0.5789919652558996 2.340001136865663
0.8666135253526404 1.7626966394072565
1.3163532724000646 2.3537629510373543
0.7155265528031566 1.807240442579615
1.3148527151414133 2.359213876213111
0.7116827494421956 1.825929521432498
1.307645900897121 2.3475713366209345
0.693940010355896 1.786723268108819
1.269803424166626 2.3626554054351727
0.6209465155213547 1.838023813772023
1.0413575300782396 2.3359095590722974
0.8590887212382268 1.7502078905480882
1.3283199357615423 2.34352172573956
0.7479892544442864 1.773723391556656
1.361297855823681 2.35960024770155
0.8532261948010954 1.8272760660552183
1.3368917898557218 2.3464299915879696
0.7731736758777846 1.7830254456043941
1.379380103690361 2.36220476454114
0.9198981632013751 1.8364273742515593
1.204547205092473 2.3376288085347157
0.5775870962599352 1.7554124905818094
0.8603481598356799 2.348259474300283
1.3263916607359485 1.7889655310204375
0.7425435333449356 2.3627677387779684
1.3553217511374465 1.8384223628521734
0.8325258249144577 2.3354719480624437
1.3616020637850785 1.7488931504834018
0.854298241151614 2.3422186266912446
1.3353744983804654 1.7696119551896095
0.768600933801679 2.357773919311749
1.3772611239071173 1.8209364085505455
0.9117842656874386 2.3514534398571123
1.2242500073218077 1.799497830683317
0.5796521899578168 2.3616839506304945
0.8695499298450543 1.8345871149330517
1.3113979027149274 2.3395434572776397
0.7030282248122162 1.7612821378443457
1.2901199914080568 2.352797008333928
0.6558568219657903 1.8039892726605968
1.1643034986969 2.3604220070977124
0.6016021381456903 1.8301494769214601
0.9639846860010675 2.3438616807871333
1.085677384002929 1.7748017636781186
0.741824782894893 2.360010557733619
1.354478088425441 1.8287091661311647
0.8296593147716884 2.3451715957415793
1.3643125373325709 1.778979186127084
0.8639272075343809 2.361331332949849
1.3207474189449033 1.8333440860291832
0.727075474573444 2.3407957870490925
1.3343458178771246 1.7651629898542491
0.7655286555347947 2.355328878541291
1.375548253541997 1.8125500968257127
0.9052821015552779 2.356714010494915
1.2394221924976607 1.8172867271809103
0.5877024256304154 2.353938528285344
0.9049250256136308 1.8078333850304618
1.2402386938646683 2.358967024261879
0.5882967665931372 1.8250707177757952
0.907504225089231 2.3482784136711397
1.2343014100333838 1.789027383581733
0.5843509223186457 2.362769116624091
0.8902957894527399 1.8384272502486245
1.2720947339260065 2.3354665598882023
0.6243792173317636 1.7488769910589035
1.0544436082295143 2.3422023383208677
0.8225874084719229 1.7695607897075705
1.370231130767684 2.357748567587108
0.8854271191345187 1.8208488618262564
1.2819667440639468 2.35151655181956
0.6406401139355562 1.7997080096864697
1.113561955080118 2.3616354912341446
0.6800516280979736 1.83441615395781
1.2350569519848449 2.3397176595441485
0.5848046625265148 1.7618200101073391
0.8922847140440013 2.3531701455660166
1.2679535055765179 1.8052429869442566
0.618269350167673 2.3599853150533474
1.0310117074217013 1.8286209056149751
0.8887354125738396 2.345250394185011
1.275300029730822 1.7792316053383765
0.629397539856071 2.3613974823040778
1.073202666999931 1.8335770962908462
0.7728282376173865 2.340563557924572
1.3792379756811988 1.764440852721588
0.9193515264631207 2.354885943237608
1.2059001469255384 1.8110433407351432
0.577430048097533 2.35748944199942
0.8596463323725879 1.819954707633488
1.3274699462546526 2.3521513291310985
0.7455787193454507 1.8018263405718855
1.3587432539142372 2.3610889098470786
0.8442932304293522 1.832490882427412
1.3486406203657992 2.3416361716453413
0.8102116012518548 1.767785629334806
1.377895127529397 2.356829257530321
0.9142038710553066 1.8176825115424258
1.2184612400967496 2.353683545003015
0.5780698584204998 1.8069724877343116
0.8625037644988385 2.3593227503946133
1.3230211959964122 1.8263086711378387
0.7332216465350914 2.3472539993070125
1.3433875048038293 1.7856924737274047
0.7932982845474631 2.362563053532632
1.382642402188912 1.8376963377668818
0.9325392954599911 2.3362666271485972
1.172309211994415 1.7512836578137256
0.5939295549966369 2.3445560796455394
0.9317152042962584 1.7770118601531888
1.1744635959245238 2.360762481001343
0.592102979436575 1.8313437758091573
0.9239110362679348 2.3427413204803753
1.194507238879858 1.7712568982770356
0.5801060633595471 2.3585544707666672
0.8715655665333752 1.8236380463769204
1.3079057424004559 2.3494216764996323
0.6945589164243189 1.7927742418631842
1.271248436306521 2.3626814737823425
0.623096310738019 1.83811627923924
1.0495767875942508 2.335808329588329
0.8360138354521476 1.7499033939303033
1.3580653462629997 2.343223743292839
0.8419437182025135 1.7727801195185342
1.3514606010989367 2.3592179475223287
0.8195216750600609 1.8259436972112937
1.372452297160891 2.3475595303019325
0.8936601523242929 1.7866848801584805
1.2650536421619394 2.362652424452137
0.6142425027643469 1.8380132392513655
1.0152242627893713 2.335921129249912
0.934908415016662 1.7502427010372035
1.1660774111123193 2.3435556474259003
0.5997829270275087 1.7738308824428235
0.9564099883945436 2.3596424249886265
1.1072248721034974 1.8274232336845015
0.6930770894802496 2.3463028376993624
1.2677738067425177 1.7826151268270962
0.6180137858236286 2.362134331606998
1.0300177631223653 1.8361782017809163
0.8916133727437028 2.3378922726950844
1.2693582572346696 1.7562155976832914
0.6202945740194825 2.348930722594484
1.0388493187399415 1.791161991907745
0.8662199033108156 2.362760464247887
1.3170055092182558 1.8383965458300777
0.7172132466393657 2.335500398180189
1.3179022572594827 1.7489785056635765
0.719547982243714 2.3423045259431063
1.3220094347278448 1.769881896176286
0.7304725442533618 2.3579065711289378
1.3394582090978748 1.8213947134906974
0.78101915772893 2.351120234822272
1.3818214839313225 1.7983895176229026
0.9293414395297683 2.3619222423389923
1.180629785581938 1.835428470189425
0.5874434260949615 2.3386770499775515
0.9037996368035797 1.758616470975625
1.2428003691062455 2.350842091739322
0.5902686042661109 1.7974660479287408
0.9160279912824074 2.3620985919185533
1.2140477485532204 1.8360518004527755
0.5774112536367995 2.3380254239671983
0.859562320893727 1.756622031290826
1.327598390763722 2.3492643339760684
0.7459419650189464 1.7922570175850674
1.3591374296299998 2.3627135917470063
0.8456634405633678 1.8382302196537863
1.3469435242196788 2.335683342392814
0.8046859561101667 1.7495277447718178
1.3801838766233199 2.342852950013742
0.9229960234572554 1.7716089308670706
1.196813041727748 2.3587128745620434
0.579317815255847 1.8241877478506732
0.8680634140488768 2.3489883858715386
1.313926198434558 1.7913510982046064
0.7093349814163191 2.362754417819234
1.3030688118682845 1.8383750900711706
0.6832956502328367 2.335524031087367
1.2435667488465758 1.7490494183780676
0.5908901110200729 2.3423757572692083
0.9187039151697006 1.770105857875734
1.2074983420877303 2.3580152732438995
0.5773008018084497 1.8217705298108902
0.8590685301371546 2.3508435087850863
1.3283506017275781 1.7974707457556622
0.7480765197394865 2.362097742615278
1.361387634050705 1.8360488013425424
0.853542397085151 2.338028574674335
1.3364466202888101 1.756631651063337
0.771826977597372 2.349272182935519
1.3788094578849237 1.7922828013988945
0.9177054984260905 2.3627121450439397
1.2099522919346202 1.8382250910369078
0.5772213644266904 2.3356889767328344
0.8587133068323911 1.749544672032381
1.3288888317824186 2.342869735555703
0.749611447765463 1.7716618910543454
1.362935876562231 2.3587364389969743
0.8590193443089017 1.824269570703588
1.3284252707748898 2.3489233240948786
0.7482890796436308 1.791137731169909
1.361605523802185 2.36276117285351
0.8543104487237744 1.8383990615210035
1.3353570919809155 2.3354976280767277
0.7685487661896765 1.7489701949541505
1.3772339807091774 2.3422961671055518
0.9116808271267312 1.7698556257505875
1.2244957876064675 2.3578937407511376
0.57973749153953 1.8213503744330959
0.8699289392743628 2.3511526814728803
1.3107468508992712 1.7984973438382292
0.7014279454189923 2.361900333258859
1.2866837685543682 1.835351066765396
0.649247845018972 2.338757387941267
1.1428322251688132 1.7588629799997273
0.6287977145945277 2.3510302586110905
1.0709840654169764 1.7980906156272956
0.7785293070134602 2.361981534006177
1.3812095848378623 1.835637977062156
0.9269651575147277 2.338458950441675
1.1867423839627869 1.7579479348792382
0.583668066762112 2.3503242101968804
0.8872977035266384 1.795750733024898
1.278218950532101 2.362372462623927
0.6341864252078211 1.8370210133006013
1.0906811881053127 2.3369958067508674
0.7299301630102955 1.753488943604104
1.3386609953486286 2.346586730613388
0.7785672269480622 1.7835316922728102
1.3812200377600587 2.3622860318875114
0.9270056946064098 1.8367149866103203
1.1866386235738857 2.3373230567532484
0.5837250609819339 1.7544823195839099
0.8875481625024721 2.3474620363249574
1.2777128405992433 1.7863680042777874
0.6333411607130262 2.362626472543088
1.0876266774519179 1.8379212030585428
0.7371523078665901 2.336021685772484
1.3486817058310678 1.7505454086573935
0.8103460958020559 2.3438493420951367
1.377830610515343 1.7747625823416284
0.9139573313152229 2.359996152717582
1.2190545143043434 1.8286588022100148
0.5781944512612783 2.3452165790207786
0.8630596446282828 1.779123271266593
1.3221377777345145 2.3613692857032764
0.7308200093272159 1.833477764658456
1.3399651249411533 2.3406626992317365
0.7825851814275698 1.7647490089164894
1.382129036617847 2.355076530098351
0.9305381752037057 1.8116911997207443
1.1775284803890238 2.3571624163300413
0.5896810848892566 1.8188281065496539
0.9134936626137135 2.352925564812505
1.220168187159383 1.8044209008454666
0.5784514694606694 2.3602758125895766
0.8642057829296025 1.8296373456156052
1.3202979820167453 2.3443326231293664
0.7258742900211019 1.776299570713456
1.3324702663737935 2.360533198901838
0.7599854366210597 1.8305392675356233
1.3718680231002467 2.3434994259526443
0.8914858958316607 1.7736527361334007
1.2696242019725603 2.3595723617479116
0.6206834608682333 1.827178787540134
1.0403463524945913 2.3465137848912248
0.8619589455107135 1.7832960269159366
1.3238813836553973 2.362248976945364
0.7355768140896882 1.8365838263997298
1.3466055008515443 2.3374627070344376
0.8035923567900871 1.7549069308331409
1.380552602160952 2.3478287235367015
0.9244208145495065 1.7875608301214458
1.1932184660788185 2.362711551148921
0.5806006769756009 1.8382229828542989
0.8737593178371121 2.3356912872872506
1.3040223114112546 1.7495516199534262
0.6854727579532558 2.342876627536655
1.2491442228732996 1.7716836386220627
0.5958518882026776 2.358746094546944
0.9398787517776593 1.8243030944319583
1.1528256411781415 2.3488966210782674
0.6149723620434209 1.7910501838449542
1.0181055624504491 2.362763627708567
0.9264196286638954 1.838407774510711
1.1881369797428825 2.3354880251097696
0.5829259284658018 1.7489413842619128
0.8840327581090514 2.3422671898263663
1.284723224274594 1.7697645522855088
0.6456047465909862 2.357849131692453
1.1306213810552501 1.8211962264253567
0.6483086844196367 2.3512651178916055
1.1397095819225358 1.7988711561293722
0.6335192733020099 2.361822259004957
1.0882714157313615 1.8350753216102278
0.7356176710578668 2.3390425516508957
1.34666011576383 1.7597390848951073
0.8037688860176568 2.3516868249827936
1.3804949769257076 1.8002754434874553
0.9241979923519426 2.361499446647847
1.1937821486267381 1.8339364172365038
0.5803795866370326 2.340203156114539
0.8727790812850124 1.7633223902604978
1.30576813143493 2.3541744826413167
0.6895140361740316 1.8086311716130965
1.259210578198644 2.3586220268518794
0.6067597132099339 1.8238724291115962
0.9851909881008336 2.3492377516516005
1.0238664787185856 1.792169683426951
0.9095207996872436 2.3627183881558573
1.229596067240573 1.8382472443011946
0.5818419677609946 2.3356646435750688
0.8792518002385642 1.7494715762673687
1.2939288443917776 2.342797214222486
0.6635138340393713 1.7714331286327427
1.1880535681645086 2.35863414851294
0.5829690656465243 1.823914491926302
0.8842227229875277 2.349204614691863
1.284349568824167 1.7920608325872407
0.6449209654882004 2.3627241028695165
1.1283002818181564 1.838267519198841
0.6523292737404521 2.3356423679976164
1.1529534678856548 1.7494046701522628
0.6148084764674745 2.342730710389841
1.0174593429759584 1.7712234529209998
0.9283215942120604 2.35853926274986
1.1832606496548705 1.8235853025156845
0.5857146656269236 2.349462893842155
0.8962657797092601 1.792909816625055
1.2594807040447398 2.362671995781433
0.6070870169004254 1.838082657035769
0.9865230949720196 2.3358451622768204
1.0199337621530347 1.750014159648547
0.9210453349357838 2.343332403071237
1.2016963273292776 1.7731238696972849
0.5780605155700622 2.359359793349642
0.8624620730155883 1.826437722059954
1.3230872184509215 2.347145268811377
0.7334018358958795 1.7853397658754913
1.343638545013769 2.362525556725768
0.7940936846911104 1.837563416294007
1.3825705678640992 2.3364109064548226
0.9322590199857195 1.7517191136026387
1.173042705431505 2.344966608341395
0.5932962151744384 1.7783231363165555
0.92901439273143 2.361152142556321
1.1814746745803375 1.8327133190366607
0.5868712272231562 2.3414185874873787
0.9013102712218745 1.767105187080817
1.2484031261985284 2.3564562894373564
0.595148156742273 1.8164025900748308
0.9368962012330871 2.3544953241577558
1.1608058868448121 1.8097177373958202
0.6053849583493448 2.3581284715934343
0.9795778303967692 1.8221621291418029
1.040388704501269 2.3505518013007936
0.8618386005621026 1.7965038916954827
1.3240706300001215 2.3622608117378547
0.7360971692071379 1.8366257169191607
1.3472980156407774 2.337418145714994
0.8058353299869734 1.7547713978500785
1.3797662348522381 2.3477121634269915
0.9213849993228969 1.7871813662155693
1.2008492262840327 2.362688206349901
0.5782383107897452 1.8381401617332527
0.863255288576763 2.3357821533123495
1.3218254709002188 1.7498247002236411
0.7299751367420471 2.343146356179497
1.338727373108319 1.7725354501964525
0.7787708711027314 2.359115213813346
1.3812755715250185 1.8255861352955978
0.9272211144080733 2.347856010844365
1.186086923848686 1.7876497026907257
0.5840322445017788 2.3627165107589887
0.8888973568064663 1.838240582836269
1.2749691651446315 2.3356719582439704
0.6288678641439067 1.7494935465891879
1.071243861448823 2.3428190244058307
0.7778589669773848 1.771501914624072
1.3810190097401411 2.3586650401913394
0.9262263530616262 1.8240217013372968
1.18863028348727 2.3491199782992935
0.582674099165735 1.7917829113357062
0.8829233181064698 2.362737412105554
1.2868935262744996 1.8383147396769162
0.6496431220523118 2.33559044983858
1.1441412223330736 1.7492487727057142
0.6268745258229115 2.342575329483325
1.0638272169010974 1.7707338978033431
0.7972711987499792 2.3583135145911163
1.3821332187656958 1.8228028032475103
0.93055446368129 2.3500671809189186
1.1774861667719578 1.79490140797921
0.5897131042943655 2.362482169501078
0.9136318998799979 1.8374096561071689
1.2198364489541709 2.3365773494321047
0.5783717536194473 1.7522220100892252
0.863850386069551 2.3454348670952663
1.320871105120912 1.7798230335018654
0.7274068377482348 2.361546384646708
1.3348569820391587 1.8341018945956082
0.7670524823193435 2.3400362496827807
1.3764269244198686 1.7628053400837183
0.9086112210868101 2.353835138923972
1.2317252049563627 1.8074841559796568
0.5829096673566947 2.3591133983189367
0.8839611409742485 1.8255798181934448
1.2848639367658745 2.3478612220900175
0.645863119875433 1.7876666730677895
1.1314960401406307 2.3627174372104527
0.6468188931219755 1.8382438637906648
1.1347201360933958 2.335668357323475
0.6414484345907248 1.7494827305165286
1.11637202858868 2.342808291019705
0.6744825615469584 1.7714680655482664
1.2198984672609936 2.358649853980142
0.5783864536505666 1.8239689968426158
0.8639159288626638 2.349161617081576
1.3207655825835194 1.7919196229094596
0.7271241125031651 2.3627310945932325
1.3344210156365575 1.8382923242106002
0.7657524804275226 2.3356151025581884
1.3756809059779833 1.749322790421783
0.9057838354529864 2.3426491775306064
1.2382719216765887 1.7709665019373069
0.5868931181018627 2.358421510352324
0.9014055854862011 1.823177020757694
1.2481902367656506 2.349779890384654
0.5949485184611415 1.7939536451700377
0.9360488345088099 2.362584309511594
1.1630577613772486 1.8377716897717333
0.6029197662342735 2.336184662662856
0.9694404237736411 1.7510364818261515
1.0699560242165276 2.344320955602148
0.7811889844525995 1.7762624096283801
1.381857718764657 2.3605208937794773
0.9294823543251998 1.8304961188932034
1.1802653972329147 2.343539685536972
0.5876951668191683 1.7737803000856436
0.9048934981752169 2.3596226109698484
1.2403106973100435 1.8273540949336993
0.5883499722308403 2.3463626345746804
0.9077348904437309 1.7828080523203997
1.2337659751004462 2.362167957140443
0.5840378947332132 1.8362971501257515
0.8889221639707315 2.337766668555439
1.2749184460714091 1.7558325384953806
0.6287869030750272 2.3486125498130184
1.0709440166271207 1.7901197303781449
0.7786327090882883 2.3627783639749778
1.3812380042695627 1.8384600704815601
0.9270753840668877 2.3354303725625365
1.1864602021439752 1.7487684569837483
0.5838236489127632 2.3420928092003637
0.8879813041518684 1.7692168515142863
1.2768351986239905 2.357576516503478
0.6318902142670728 1.8202550247618647
1.0823527570393658 2.3519401245600986
0.7499049025140785 1.8011206340758854
1.3632252221666359 2.361282736097312
0.8600479198397899 1.8331729632003928
1.3268540991248394 2.34096559389738
0.743842094675338 1.7656917302084212
1.3568135411894677 2.3556450220926797
0.8376285230370261 1.8136278885492176
1.356340283081124 2.3561274124958516
0.8360050333848381 1.815276218244892
1.3580745984425926 2.3551789860084065
0.8419757257904719 1.8120397699045276
1.3514229546990106 2.356982480044079
0.8193963453581201 1.8182091172210653
1.372538618784176 2.3533387953679834
0.8939818965186584 1.8058105440187886
1.2643710957755554 2.35977556444102
0.6133248743747847 1.8278880025632704
1.0115893707012313 2.3458981518026416
0.9456450048086442 1.7813114155002525
1.1371698376533783 2.3618834106023563
0.6374968184491595 1.8352912913699646
1.1025158835908373 2.3388193441847456
0.7031602731766928 1.7590531803084652
1.2904008225026358 2.3511744131134553
0.6564095141558034 1.7985695761134004
1.1660586883692128 2.361885506564279
0.599801772648864 1.835298687337527
0.95648870449739 2.338811680017952
1.1070028184004357 1.7590296545682529
0.6935449508417704 2.351156628099477
1.2688763836611368 1.7985104623568544
0.619594382760872 2.3618976507355725
1.036147424695839 1.8353415902927406
0.8739438774843382 2.338767211854462
1.3036917033453155 1.7588931412627309
0.6847154800415083 2.351053177090747
1.2472163931846663 1.7981667356868511
0.5940496368620827 2.3619666319816215
0.9322266574118568 1.8355853117691145
1.1731273467753365 2.338513866972056
0.5932238865489016 1.7581161735246649
0.9287056041354189 2.3504555754953054
1.1822713399523745 1.7961853295016867
0.5863464133776803 2.362309679472055
0.899023350957789 1.8367986981972306
1.2534715681113382 2.3372337382931967
0.6002330718926249 1.754210965891403
0.9582887826851664 2.3472253658986943
1.1019136868408976 1.7855995682548467
0.704473821124912 2.3625534695851504
1.2931718268011814 1.8376623586168903
0.6619643524404276 2.336303541345243
1.1833467462774028 1.7513950331884294
0.5856607355134524 2.3446615261794084
0.8960301412599124 1.777348340747043
1.2599889232175387 2.360866476822562
0.6077077137053563 1.8317090049278706
0.9890447412550999 2.342392531875769
1.012479330164249 1.7701586140819083
0.9430137895361757 2.358040701318748
1.144349737049756 1.8218584761793264
0.6265712593861203 2.350778294825663
1.062692644483624 1.7972544536221813
0.800289239227171 2.3621361530277483
1.3814960449331952 1.8361846437428055
0.9280768304251273 2.3378854830310454
1.1838903980635247 1.7561948836168524
0.5853240676497778 2.3489136123404624
0.8945582814788184 1.7911058879104038
1.2631443889712655 2.36276208641065
0.611704597116695 1.8384022998900664
1.0051378926050525 2.335494059847317
0.9647550722549173 1.7489594840402094
1.083466898460171 2.3422853951975657
0.7471817539970287 1.7698217657617867
1.3604581450263866 2.357877179319025
0.8502761352143385 1.8212931411746447
1.3409494495473007 2.3511944890365397
0.7856414353070805 1.798636307821225
1.3825578128514837 2.361871692008479
0.9322092610343671 1.8352498992845023
1.173172841642735 2.3388622015200236
0.5931850757311636 1.7591847981743522
0.9285398807238394 2.3512736394418363
1.1826984848688895 1.7988995052514447
0.5860709330994823 2.361816202151151
0.8978215095956066 1.8350539337504868
1.2561044475991467 2.3390646046508583
0.6031259381394586 1.7598069084951677
0.9702917539696894 2.3517368589755834
1.0674894761662683 1.8004422885839972
0.7876154559664706 2.361458001640312
1.3827146190218906 1.833790341024038
0.9328211546073333 2.340350004058027
1.1715707647929565 1.7637777897759825
0.5945790700285899 2.3544678983433407
0.93447924416952 1.8096247755046337
1.1672104756205546 2.3581717636813866
0.5986561986413386 1.8223119582494172
0.951694398781338 2.350439284649041
1.120448904892483 1.7961314168852467
0.6666361265726342 2.362317712374607
1.1973829155512108 1.8368271439032862
0.579142181724733 2.3372033552174023
0.8672820781175552 1.754118702612244
1.3152389274541794 2.3471444776857515
0.712667169494517 1.7853371946746646
1.309525593442805 2.362525269050228
0.698452425874856 1.8375624016722398
1.2801336261407403 2.336412009036394
0.6374407452896252 1.7517224432030782
1.1023171324089185 2.3449697293724547
0.7035932020242528 1.7783331250785015
1.2913186399038152 2.3611549468318676
0.6582290156936957 1.8327231876009855
1.1717922826862646 2.341408909253078
0.5943829733425009 1.7670749460741817
0.9336453610950339 2.356439445351197
1.169406794934832 1.8163448460721627
0.596550963213974 2.354531072617368
0.942834675601059 1.8098389254509222
1.144836334279114 2.3580717332461334
0.6258668476428446 1.8219658147001616
1.060051048406547 2.350698463700244
0.8073631800184116 1.7969897868979348
1.379163447714792 2.362181636015978
0.9190650234700518 1.8363455424769337
1.206607812452443 2.3377154779642773
0.5773652891691163 1.7556765195443915
0.859356852012439 2.348481918407731
1.3279119543607667 1.7896924046305291
0.7468302602544645 2.3627781623341653
1.3600875777974943 1.8384593574047123
0.8489785385422718 2.3354311581607052
1.3426791358284962 1.7487708145343515
0.791060897814579 2.3420951937507875
1.3827633375995827 1.7692243340281162
0.9330113438216632 2.3575802880905687
1.1710720280257647 1.8202680405046285
0.5950244947778471 2.3519309256820513
0.9363713833200225 1.8010899219310932
1.1622014042245634 2.361290906728663
0.6038446275585023 1.8332017299504622
0.9732544009082643 2.3409370966114684
1.058880442797455 1.7656029513920597
0.8105185012712876 2.355592420650755
1.377747294177095 1.8134484278624399
0.9136390582368534 2.356226931010661
1.2198192611978214 1.8156168368093923
0.5783676928242649 2.35497528404896
0.8638322800358738 1.8113469451632176
1.320900238152405 2.357337392586949
0.7274849345818474 1.8194306441390367
1.3349770620003656 2.352515031840506
0.7674112681690335 1.8030436746074092
1.3766254739109158 2.3607270610163917
0.9093653480024821 1.8312194251482663
1.2299607310505398 2.342859414386169
0.5820169164207327 1.771629325545938
0.8800244094398367 2.3587219555485035
1.2924673010375844 1.8242192810553468
0.6605346081717619 2.3489633347910024
1.1789586923583157 1.791268939757889
0.5886224090516098 2.362757150683501
0.9089154231011398 1.838384785582369
1.2310143649041183 2.3355133541148825
0.5825407825541938 1.749017378408329
0.8823356734347785 2.3423435849889014
1.2880347930026494 1.7700046869479698
0.6518123713395256 2.3579663251999343
1.1512690201661249 1.8216012714208492
0.6169947226772289 2.3509685275212284
1.0260435493717175 1.7978856360973055
0.9031651024329242 2.3620209693836682
1.2442368762003957 1.8357773605481789
0.5914454992155538 2.338313338840596
0.9210907872061238 1.7575021538374402
1.2015830536226735 2.3499727265153014
0.5780833022784262 1.7945896223433198
0.8625637548159628 2.3625181359453595
1.3229261391352682 1.837537116999145
0.7329623957908299 2.3364394113788913
1.3430249162948278 1.751805199128821
0.7921517511987815 2.345047209671218
1.3827193447733053 1.7785809958171077
0.9328396034079935 2.361223823717031
1.171522402747288 1.8329655734382242
0.5946220216819267 2.3411705457976844
0.9346618185111504 1.7663307039889786
1.1667286793061715 2.356017874249073
0.5991319307843503 1.8149015236241326
0.9536876771012601 2.355400021014641
1.114878320411807 1.8127924662773505
0.6774267058429586 2.356584415386
1.2279981784877645 1.8168419708168633
0.5811139356944922 2.3542208331797423
0.8760326588008764 1.808788017695158
1.2999082553241614 2.358552465119823
0.6762318316930536 1.8236310955754127
1.224734104060531 2.34942710807116
0.5798216154301398 1.7927921093717323
0.8703026296818488 2.362680250318899
1.3101023938381904 1.8381119384727806
0.6998534822099417 2.3358130860804907
1.2832438468568532 1.7499177026173311
0.6429173529293865 2.3432377940518565
1.1214463818219036 1.7728245600206023
0.6647591640242154 2.3592364421084366
1.1917995383032376 1.82600808677668
0.5811898879027124 2.347505838890947
0.8763687948202845 1.7865103478576816
1.2992922750925775 2.3626384330255616
0.6748825139739999 1.837963613971525
1.2210100526550303 2.335975368098549
0.5786658115425738 1.750405951547303
0.8651610250511798 2.3437143176716013
1.3187458522358568 1.7743340167786652
0.7217608957137189 2.359836084405805
1.325779781803044 1.828099389723422
0.7408325804245562 2.345712526549387
1.3532924211990924 1.780714540002212
0.8256544312694724 2.3617547293381715
1.3677995976665671 1.8348369106687121
0.8765165223105549 2.339287803256629
1.2990209378226398 1.7604939244661684
0.6742909966082201 2.3522372763139874
1.2193648038477525 1.802113772272417
0.5782630268710205 2.3610066079084513
0.8633655277865478 1.8322014677580551
1.3216491798537322 2.3419176823453283
0.7294991883732944 1.7686674424260085
1.338022371242252 2.357295630407951
0.7766127114491899 1.8192867782271591
1.3806355254846054 2.3526137952414534
0.9247415537169705 1.8033746910688915
1.1924060899546873 2.3606226568913713
0.5809323003503363 1.8308530435963866
0.8752285149308722 2.343205415993097
1.3013738706323186 1.7727221640581736
0.6794782603729017 2.3591937474930447
1.2335282481658705 1.8258594529174337
0.583901185913127 2.3476296387905204
0.8883218740654402 1.786912873328471
1.2761430143547468 2.3626695937506565
0.6307591676907056 1.8380741392977558
1.0782149005131239 2.335854486045326
0.7601503391679628 1.7500421998217415
1.371988476079355 2.343359863619032
0.8919336430857999 1.7732107858830406
1.268688980800949 2.359395196267686
0.6193236216364245 1.8265610829506107
1.0351003845987659 2.3470409810677113
0.8769482049155515 1.785001686042643
1.2982258817363066 2.362486782417804
0.6725677636049424 1.837426000705546
1.2145278599641953 2.3365596808654296
0.5774600181265318 1.7521685990344076
0.859780286280676 2.3453854310495585
1.3272648653669799 1.77966447260248
0.7449994882629353 2.3615073029024742
1.358107927708431 1.833964114116481
0.8420910399608165 2.3401752567540406
1.3512871425799875 1.7632359191365847
0.8189444148237918 2.354118190336459
1.3728469574148867 1.8084407409926855
0.8951322419836647 2.358705716820237
1.2619178052141793 1.8241628977912763
0.6101216781944799 2.3490081228086885
0.9987945593208838 1.7914158450165443
0.9835775119871665 2.362752152787238
1.0286243588537742 1.838367051967155
0.8956556714598762 2.3355328784809632
1.2607948483054268 1.7490759647751695
0.6087051152977124 2.342402385026916
0.9930842447075025 1.7701896030200779
1.0005162769350187 2.35805560261006
0.978467775996155 1.8219100182138561
1.0436451510743563 2.350739994817043
0.8526196062686524 1.7971274615134787
1.3377402496459565 2.3621581819380166
0.7757520134476262 1.8362625676484177
1.380348510268076 2.337803216823504
0.9236319018130957 1.7559439667308046
1.1952116668945014 2.348705481828197
0.5798520769213844 1.7904239463388743
0.8704379214381386 2.3627758311638356
1.3098684515093972 1.8384510816925719
0.6992843066870192 2.335440286795519
1.2819859039007644 1.7487981909727646
0.6406739823158739 2.3421228444179905
1.1136799494560716 1.7693111392148735
0.6798151921395874 2.3576239755419546
1.2344274639253237 1.8204187782114754
0.5844256382161266 2.3518241106012168
0.8906234793835766 1.800733372590266
1.2714167075329907 2.3613841176597816
0.6233499894593774 1.8335300114388091
1.0505414102529107 2.3406105774760175
0.8333378146003513 1.7645869811258488
1.3608020220111636 2.3549766114312964
0.8514826187397503 1.8113514521618157
1.3393109378124737 2.3573351171294066
0.7805651975090154 1.8194228005977113
1.3817211795265325 2.3525204257129366
0.9289514789202822 1.8030617469668728
1.1816370740750446 2.360721429133948
0.5867630768977319 1.8311996548262321
0.9008392883502161 2.3428781607530196
1.2494531656466639 1.7716884723432944
0.5961492790528929 2.3587482446238965
0.9411370601007141 1.8243105561450235
1.149434224540869 2.34889067591869
0.6194412540571463 1.7910306971840126
1.0355554269926321 2.3627641497401153
0.8756417856484371 1.8384096232735994
1.300622061279388 2.3354859872063662
0.6778066332283081 1.7489352687119657
1.229029381984717 2.342261031210773
0.5815765887633472 1.769745199315917
0.8780791169539599 2.3578396194373474
1.2961277240649371 1.8211633589868368
0.6680920773897348 2.351289025666527
1.201661832943934 1.7989506754388627
0.5780674213471759 2.36180521878716
0.8624928897920001 1.8350151487442754
1.3230384213033068 2.339104566051848
0.7332686502218573 1.7599298345821697
1.343453068184885 2.351827258216257
0.7935058890593645 1.8007438725453733
1.3826251088393327 2.3613814214924247
0.932471817586497 1.8335205173239126
1.1724858771301065 2.3406200526150713
0.5937759310779608 1.764616428932078
0.9310605985698737 2.3549948233194202
1.1761699134883918 1.8114133621164334
0.5907289334656848 2.3573038472089167
0.9180104562165392 1.8193150786539622
1.2092040451886308 2.3525944026849936
0.5772302801679058 1.803309682668525
0.8587531836102886 2.3606433582755244
1.3288285286496564 1.8309256736235682
0.7494391610986108 2.34313705377627
1.3627650061017387 1.7725060458373967
0.8584126632644029 2.359102770859175
1.3293424671126695 1.8255428382754046
0.7509100434515452 2.347891719180463
1.364200104210136 1.7877660265238584
0.863525049011987 2.3627227204473424
1.3213936751296933 1.8382626119496417
0.7288106090196299 2.335647760984905
1.3369925409921337 1.7494208651091618
0.7734790395339608 2.3427468204955573
1.3795033048232674 1.7712742338454834
0.9203722862745382 2.358562344052179
1.2033708433652974 1.8236653600451254
0.5777590639096717 2.3494003038170637
0.8611163336736183 1.7927039545273946
1.3252006751996497 2.3626862132351567
0.7392208635463816 1.8381330923347736
1.351314481462489 2.335789904315269
0.8190353526238738 1.7498479957108235
1.3727852810983001 2.3431692773193062
0.8949020071263005 1.7726079083012019
1.2624104340309787 2.3591457927329467
0.6107529487963635 1.825692542503662
1.0013290729876476 2.3477680753328873
0.9760555825553877 1.7873633544933694
1.05070704499111 2.3626998363621325
0.8328790408289211 1.8381814220045345
1.3612557881986873 2.3357369064036786
0.853078087379414 1.7496886937365281
1.3370996270675244 2.3430122494571117
0.7738038500951437 1.7721117503940467
1.3796318432496695 2.3589338381657727
0.9208672216621658 1.8249553528475895
1.2021399882522843 2.3483721557611545
0.5779741718203432 1.7893336102622246
0.8620767261416322 2.3627746037163773
1.3236958982378848 1.8384467216755938
0.7350675712867717 2.3354450933611526
1.3459212981506328 1.7488126036003449
0.8013858918992113 2.34213739446329
1.3812112502900193 1.7693568250994691
0.9269716153078247 2.357646889189131
1.1867258570127655 1.820497850378974
0.5836771281076077 2.351767877672904
0.8873375280213955 1.8005457573330426
1.2781385417295101 2.361431961708446
0.6340517091705465 1.8336985812309454
1.0901952528907919 2.3404420158721835
0.7310708668884182 1.764063363861096
1.3403292468246364 2.3546492762405067
0.783713387989619 1.8102398291598871
1.3823136801954297 2.3578816258742936
0.9312574184076037 1.821308502894583
1.1756573444740024 2.3511832730988207
0.5911349182493921 1.7985990276938857
0.9197565250761743 2.3618794258850544
1.2048981051810022 1.8352772110994913
0.5775421768340006 2.3388339265694866
0.8601474505576028 1.7590979606381842
1.3267009895953072 2.3512082221123136
0.7434116324531951 1.798681970311621
1.3563236579048552 2.3618621868036622
0.8359480864958639 1.8352163262064745
1.3581344206290122 2.3388969366041654
0.8421827131007361 1.75929150264584
1.3511789708827187 2.3513537712262367
0.8185847242771188 1.7991660831709002
1.3730890747009317 2.3617583239110576
0.8960367163462415 1.834849597187206
1.2599747535033003 2.33927478297573
0.6076903240581508 1.7604538221883623
0.9889741747280116 2.35220838520505
1.0126880948444361 1.8020171418317479
0.9423967834180439 2.3610344908278607
1.1460247727101887 1.832299506764788
0.6241659437238004 2.341822522219613
1.0536365209637908 1.7683691752388393
0.8248007989860177 2.357140027227545
1.368497278783381 1.8187510525183201
0.879062229862849 2.3529774774812777
1.2942858986765544 1.8045952907100902
0.6642494233195247 2.3602155054251366
1.1902702220026913 1.8294261965886216
0.5818771556486576 2.344525128815995
0.8794072249998539 1.7769131433447423
1.2936356440653294 2.360731442548138
0.6629120755140501 1.8312348069966558
1.186231658453198 2.3428448253492586
0.5839509837155288 1.77158330305794
0.8885405604367203 2.3587014443101415
1.275697569084639 1.8241480685292595
0.6300374899715269 2.349019895129672
1.0755625377506102 1.7914544685902656
0.7668236723983834 2.362750751443108
1.376298638924415 1.83836207879457
0.9081243326233526 2.335538356812061
1.232860336499085 1.7490924063507896
0.5835245392612898 2.3424188673096658
0.8866668055347884 1.77024145166651
1.2794893286518538 2.3580804893725813
0.636335670921957 1.82199611107335
1.0983881127573605 2.3506758842653124
0.7122710002551786 1.7969149536327609
1.3087719405780547 2.362194192367218
0.6966333768279382 1.8363899691219072
1.2760266480357476 2.337668446851855
0.630570170016744 1.75553322377006
1.0775211969332479 2.3483614056040123
0.7618878483707088 1.7892984872091635
1.373216701739468 2.3627740905571653
0.8965139090502316 1.8384448999106746
1.2589446413004453 2.335447101526808
0.6064392374396688 1.7488186269587005
0.9838850723147756 2.342143471722034
1.027717903697527 1.7693759087204142
0.8982899680264371 2.357656443723843
1.2550807323582547 1.8205308225917496
0.6019807186536428 2.3517443824724706
0.965554865878069 1.800467386368633
1.0811686125211355 2.361451707272449
0.7528158381028263 1.8337681595986677
1.3659797146363346 2.340372264339211
0.8699181409518701 1.7638468615454288
1.3107654388587457 2.3545119525541613
0.7014734925346788 1.8097741044101734
1.2867824055271564 2.35810212430681
0.6494335956055446 1.8220709618204234
1.1434477443177027 2.350620013270965
0.6278892377346067 1.796729830633022
1.0676115349262265 2.362224696519428
0.787295960391406 1.8364979028224813
1.3826956226476468 2.3375539957872995
0.9327470071066697 1.7551847066886932
1.1717651028384048 2.348066180101511
0.5944069793300062 1.7883347257800122
0.9337474730090528 2.3627483859982643
1.1691382196025282 1.8383536823553408
0.5968027999380346 2.33554759828884
0.9438978316763159 1.7491201438079615
1.1419439979770896 2.3424466729613864
0.6301216374208233 1.7703289290094335
1.0758722899724744 2.3581223160873463
0.7660401732606896 1.8221408272974438
1.3758495933694848 2.3505677556588864
0.9064223063565566 1.7965567301816021
1.2368031311608627 2.3622524734136277
0.5859072899130141 1.8365962044754713
0.8971071218755995 2.3374495453030564
1.257659308841542 1.7548668907577394
0.6049150416041399 2.34779433603148
0.9776525255824113 1.7874488544995337
1.046034150996306 2.3627050222681234
0.8459013577178002 1.8381998188307553
1.3466449304297448 2.3357167171703246
0.8037198020109969 1.7496280188096929
1.3805110729822951 2.3429522741815005
0.9242602287102542 1.7719223769692884
1.1936247621346316 2.358851351348439
0.580440573836479 1.8246686946892916
0.8730495335113142 2.3486038098915705
1.3052881528388594 1.7900911282126033
0.6883958801479313 2.362778484746813
1.2564628609867068 1.8384604980677852
0.6035330393370446 2.3354299038676047
0.9719708969649132 1.7487670528300896
1.0626148297842797 2.3420913865531716
0.8004966819301669 1.7692123878397785
1.3814443457141938 2.357574266631352
0.9278760940992784 1.8202472653425639
1.1844063801729632 2.3519456065617996
0.585010745226503 1.8011389389847825
0.8931871983400589 2.3612778559323226
1.2660540780416731 1.8331557793355793
0.6156082956656352 2.34098261282022
1.020608948932542 1.765744754016672
0.9190630809709925 2.355676347563088
1.2066126064703364 1.8137347922477651
0.5773648968639283 2.356067785645077
0.8593550959529787 1.8150722275147562
1.3279146316947847 2.3552997180291766
0.7468378598280214 1.8124507837447412
1.36009562559798 2.3567667252615516
0.8490066879010859 1.8174677296379707
1.3426419739938442 2.353822356226004
0.7909438107811323 1.8074409916261074
1.3827663658462872 2.3591312934593027
0.9330231694372598 1.82564208216707
1.1710410062464183 2.347809803546902
0.5950523716668714 1.7874992182000442
0.9364897114495863 2.3627079943367146
1.1618869954805007 1.8382103619381573
0.6041880832387613 2.335705144142267
0.974667481012504 1.7495932522368274
1.0547611616326975 2.342917869677285
0.8217180190097477 1.7718137837003543
1.3708823618899968 2.3588036477177337
0.887831813447678 1.82450297099688
1.277138443343842 2.348736910629844
0.6323894218981005 1.7905268629209898
1.0841716436922288 2.362774471857693
0.7454671944855258 1.8384462588463721
1.3586215724228428 2.3354456050869685
0.8438708508805066 1.7488141391675738
1.3491559863880902 2.3421389455193027
0.8119011303358573 1.7693616963374508
1.377054383414318 2.3576493275966532
0.9109967642643423 1.8205062631473363
1.2261176663258047 2.351761884372117
0.5803374823452196 1.8005257660182212
0.8725923379780016 2.3614370155875437
1.3060987910152635 1.8337163869451485
0.6902874672066467 2.3404241748485104
1.261094335282971 1.7640079740507684
0.6090798564902362 2.354614252735005
0.9945979352942523 1.8101210120120874
0.9960283788195666 2.35793835244822
0.9917855175486621 1.8215045670357268
1.0043648876896913 2.3510396745489994
0.9670478638413638 1.7981218876607845
1.0768692799809665 2.361975428382795
0.7635257840889376 1.835616397886964
1.3743061638611238 2.338481458714617
0.9005991029267368 1.758016884832875
1.2499874186043796 2.3503781325356985
0.5966691401515263 1.79592908639502
0.9433336868796605 2.362347240275412
1.1434799840960759 1.8369316916147025
0.6278418536108584 2.3370915280869804
1.067435225955829 1.753779273894553
0.7877575091778943 2.346845084453204
1.3827222756802748 1.7843672293192872
0.9328510419334681 2.3624065616143355
1.1714924136604579 1.8371417887259582
0.5946486867396357 2.3368661070152448
0.9347751511065485 1.7530958626789617
1.1664294380871776 2.3462336085722892
0.5994299104608332 1.7823918665993146
0.9549345209993159 2.362094290834894
1.1113793352044856 1.8360365958475882
0.6844657859273013 2.3380414134260312
1.246577878899103 1.7566708605034747
0.5934730346788114 2.349304140965268
0.9297689779390043 1.792387823872379
1.179523572503442 2.3627060768672474
0.5882168734966113 1.838203562662713
0.9071577847896412 2.3357126098331045
1.2351042271552874 1.74961567942603
0.5848335214080964 2.3429400646039458
0.8924111218872224 1.7718838376111936
1.2676882179203188 2.358834450647581
0.6178923427696783 1.8246099761913048
1.0295450627441962 2.3486510393519913
0.8929836947203531 1.7902457034333925
1.266483485150422 2.3627775846416714
0.6162021016259037 1.8384573013946448
1.022940480627521 2.3354334252528073
0.9122295565073038 1.7487776126252306
1.2231903589431787 2.3421020569260613
0.5793013567333006 1.7692458824964026
0.8679902119045042 2.3575911501668827
1.3140496630077148 1.8203055133462236
0.7096467063272281 2.351904419383258
1.3036841628396794 1.801001418199133
0.684698232878032 2.3613143184005523
1.24717233585197 1.8332841689782429
0.59400951975816 2.3408553154283225
0.9320558130168269 1.7653482782168832
1.1735740041159939 2.355440455967849
0.5928448389129072 1.8129302615044514
0.9270861838416486 2.3565101391481726
1.18643254619402 1.8165872176199893
0.5838389942815323 2.354380516750607
0.8880487106015702 1.809328698186031
1.2766983494927904 2.3583083235223072
0.6316656747278632 1.822784820375852
1.0815331509527626 2.3500809088780805
0.7519178872214416 1.7949467355611013
1.3651524417506318 2.362476751320532
0.8669389115134897 1.8373904521478144
1.315811947421235 2.336598100526299
0.7141340051295728 1.7522847482520763
1.3122830460669965 2.3454928465370006
0.7052195273530323 1.7800090638220707
1.2947266696584063 2.361591458742967
0.6651616622102754 1.834260842418125
1.1930031944406525 2.339875374824414
0.5806870616678097 1.7623075240061215
0.8741421569589474 2.3535021682996735
1.3033358503583767 1.806360888732303
0.6839032304880935 2.3595650072935275
1.24513412600735 1.8271531287980283
0.5922065404916825 2.346535847771216
0.9243547228838029 1.7833672891576322
1.193385717656714 2.3622603244330467
0.5805343036804331 1.836623995328813
0.8734651022110118 2.3374199792176067
1.304548103109373 1.7547769682223269
0.6866823902552315 2.3477169622887146
1.252196494621534 1.7871969827762184
0.5988938716944213 2.3626892347498405
0.9526906374987121 1.8381438120327558
1.1176683405931944 2.3357781533309057
0.6719574274296025 1.7498126731950479
1.2127990736240606 2.3431345185599066
0.5773105045968001 1.7724980350633874
0.8591119143181747 2.3590993784065155
1.328284696024031 1.825531036640049
0.7478890036645791 2.3479014422542965
1.3611944865289591 1.7877977075485854
0.852862317177067 2.362724352376524
1.3374016376459696 1.8382684002757892
0.7747211934895819 2.3356413972488803
1.3799808885426825 1.7494017561433792
0.9222126427688333 2.3427278157025655
1.198779460529301 1.7712143249667953
0.5787439937813109 2.3585351079512726
0.8655093164665526 1.8235708881003068
1.318175705216629 2.3494741528787686
0.7202635249943744 1.7929468562607704
1.3232416341156972 2.362669330076013
0.7338236278751145 1.8380732055593465
1.3442230505206834 2.3358555121772415
0.7959506713644425 1.7500452909417068
1.382344138552324 2.343362889697236
0.9313761167909326 1.7732203607417125
1.17534802845971 2.3593990878976694
0.5913827321899299 1.826574649390823
0.9208212421310309 2.347029494514226
1.2022544560802344 1.7849644605629895
0.5779526498517815 2.362482344903666
0.8619806578359429 1.83741027719603
1.3238472082814996 2.3365766774377
0.735482928373644 1.7522199812979324
1.3464798398993705 2.345432986326202
0.8031864005207838 1.7798169990342834
1.3806823569416822 2.361544909217202
0.9249227452042936 1.8340966964100485
1.1919466489318251 2.3400414994092738
0.5811266252138538 1.762821594570167
0.8760888191797658 2.3538459051436664
1.2998054751493855 1.8075205145197843
0.6760060657109355 2.3590982890014653
1.2241138113583658 1.825527248534865
0.5796055582514757 2.3479045636350007
0.8693427017680162 1.787807875448243
1.311752772664165 2.362724878615922
0.7039045986846743 1.8382702713791284
1.2919760546401795 2.3356393426280073
0.6595447103472257 1.7493955875503953
1.1758954255075955 2.3427216786050606
0.5909456212931695 1.771194980552303
0.9189426644259515 2.358526296421809
1.2069097383433405 1.8235403319135073
0.5773413045309864 2.3494979902635547
0.8592496235274159 1.7930252841176135
1.3280752761267505 2.362663573245301
0.7472937898725981 1.8380527846706656
1.3605756180376525 2.3358778615178455
0.8506880332187335 1.7501125189871256
1.3403933299735706 2.343428642279005
0.7839122358570716 1.7734285357554551
1.38234302437407 2.359483086118378
0.9313717760566806 1.8268674415944617
1.1753593434814549 2.3467805629430085
0.5913736314733553 1.7841584359083422
0.9207821555097628 2.3623780300404165
1.2023517460783053 1.8370407283947456
0.5779346043946527 2.3369746556437363
0.8619001085641169 1.7534248169719546
1.3239739401223445 2.346529387472941
0.7358312112819468 1.7833464243641521
1.346944900227717 2.3622570158079834
0.8046904137350411 1.8366122854872904
1.380182312986979 2.3374324374162967
0.9229899860199209 1.7548148561035009
1.19682822414 2.3477495862634474
0.5793130373324528 1.7873031642577377
0.8680421637858524 2.3626960798137686
1.3139620518054143 1.838168094754478
0.7094254673131234 2.335751526263011
1.3032476723798043 1.7497326308251195
0.6837024144237148 2.343055621620991
1.2446170071666347 1.7722487361038195
0.5917654872390242 2.3589929600144703
0.9224641013595076 1.8251608972221216
1.1981490338298293 2.3482049285431614
0.5789180623307602 1.7887874447455858
0.8662845097794907 2.3627632416396165
1.3168986521973984 1.8384063976306089
0.716936250044441 2.335489545861929
1.3174061849847791 1.7489459472799878
0.7182541783359636 2.342271780043856
1.31974979954034 1.7697789745769832
0.7244153357739963 2.357856208009334
1.3301446534390964 1.8212206743825439
0.7532173740180867 2.3512473221206878
1.3663431774886985 1.7988119795494628
0.8712310806886386 2.361834835764702
1.3084903113023472 1.835119732433613
0.6959570016620206 2.338996735019629
1.2744797720668362 1.759598207096607
0.6280893227397483 2.351582532147968
1.0683555790721457 1.7999278214642813
0.785351681797107 2.361583687567797
1.3825268698616822 1.834233438810513
0.9320885608981015 2.3399031475466114
1.1734884093592526 1.7623934227598768
0.5929171387848642 2.3535600599560254
0.9273952262100962 1.8065560227386488
1.1856406460699824 2.3594886589718485
0.5842858155215002 1.8268868719426254
0.8900101907694555 2.346763971683657
1.272684292360566 1.7841047613765086
0.6252833280137996 2.362370524081226
1.0578561744264583 1.83701414953748
0.8132894670495734 2.337003169293873
1.376314465952848 1.753511268155227
0.908184388490282 2.3466066655177036
1.2327204950767383 1.783596116281568
0.5834470798528552 2.362295924350974
0.8863262154615282 1.8367500064747064
1.2801724626577258 2.337285708119847
0.6375076685050052 1.7543688385365062
1.1025543341734927 2.3473632831502957
0.7030765795502953 1.7860472254711843
1.290222877243548 2.3625977312063435
0.6560590864907512 1.8378192827924145
1.1649465634118328 2.336132836776363
0.6009348859563564 1.7508802628381317
0.9612120690122341 2.344171577522287
1.093605081059048 1.7757868588602275
0.7231337479407158 2.3603604785837007
1.3280587629134026 1.8299338886735685
0.7472468947585336 2.3440606217286306
1.3605264829810373 1.7754339250244686
0.8505157165078399 2.3602378459568936
1.3406263939885374 1.8295044104943596
0.7846361403302551 2.3444539311043617
1.3824417536095979 1.7766861286783133
0.9317566329877351 2.360659172826562
1.1743554574887727 1.8309811603228028
0.5921922262092303 2.3430847593280326
0.9242934067626666 1.7723407954870412
1.1935408420940112 2.359032435591664
0.5804733296086115 1.8252981774410275
0.8731947775532527 2.348092721146182
1.3050298495938106 1.7884212915084712
0.687796355190755 2.3627516055586
1.254977775516988 1.8383651078208825
0.6018669768044038 2.3355350217345685
0.9650833411881014 1.7490824003082945
1.0825240017839952 2.342408840950447
0.7494853550463254 1.770209915692641
1.3628108924894864 2.3580653581305113
0.8585755288923902 1.8219437597985642
1.3290969372118635 2.3507148870933303
0.7502066181690799 1.797044225684068
1.3635204874069795 2.3621724155768375
0.8610991662430483 1.8363129203854898
1.3252274125504213 2.3377499893785614
0.7392951153154944 1.7557816984127361
1.3514070223208043 2.348570049127762
0.819343303780562 1.7899806644323015
1.3725750449705187 2.3627787784812493
0.8941177087376567 1.838461541126801
1.2640825086186382 2.335428751161025
0.612940354363768 1.748763597392371
1.010062154548018 2.3420878955512814
0.9501635739554712 1.7692014271160403
1.1247071454276392 2.3575687321804133
0.6587429756872746 1.8202281701936565
1.173399419283161 2.3519590952409035
0.5929924737144272 1.8011839839282762
0.9277171658206742 2.361265814225449
1.184814586513118 1.833113386489077
0.5847671520389383 2.341024565366146
0.8921203863300149 1.7658754898020848
1.2682980036414926 2.355753280941512
0.618761512310782 1.8139974185771166
1.0329227438285737 2.355920181786651
0.883215475746832 1.8145675511094819
1.2863239831416227 2.355594336640329
0.6485723323644318 1.8134549634306514
1.1405879683316864 2.3562233230223377
0.6321721738136612 1.8156044841556822
1.083380649641832 2.354982718090394
0.7473920125164251 1.8113722157457115
1.360678350368903 2.357324641391384
0.8510484631775133 1.8193867148249754
1.3399039097545855 2.3525452412792287
0.7823957803483343 1.8031449068078291
1.3820950045819616 2.3606953995434865
0.9304056771294568 1.8311083000056971
1.1778725899950955 2.342964667560242
0.5894222045790547 1.7719614992796728
0.9123755002867573 2.3588684588599476
1.2228424979102008 1.8247281372302862
0.5791921669541581 2.3485559216223058
0.867504482895015 1.7899344444038063
1.3148664051591141 2.3627788117699575
0.7117175809189382 1.8384616595001342
1.3077128080174032 2.335428616749486
0.6940992235144893 1.7487631913519535
1.2701760052642146 2.3420874882109137
0.6214958999717543 1.7692001500402994
1.0434655306899856 2.3575680863312094
0.853126303277477 1.8202259441431163
1.3370320120673025 2.351960663063225
0.7735987331946237 1.8011892230582154
1.3795509734232767 2.3612644101681486
0.9205558038712227 1.833108440852055
1.2029147917986596 2.3410294580897837
0.5778345723980941 1.7658907423458547
0.8614535160893477 2.355762232523099
1.3246743543976822 1.8140279808528543
0.7377624813024704 2.3559029049806597
1.3494693151418868 1.8145085094927214
0.8129309445368144 2.3556284229015256
1.3765097671495767 1.8135712531769532
0.9089257864628044 2.356158901250003
1.230990126577398 1.815383967674434
0.5825284292832993 2.355114838465672
0.8822812082902574 1.8118215017379522
1.2881402781144762 2.357095481312332
0.6520144560083186 1.8185977723990692
1.1519282057031428 2.353080345047082
0.6161323209448168 1.8049410186502108
1.0226667936487506 2.3600938518647765
0.9130307444353909 1.8290004823970925
1.2212773045321317 2.344910297981138
0.578737470174033 1.7781430742097872
0.865480257535178 2.3611011208920547
1.318223359847266 1.8325338288770356
0.7203884019466908 2.341594246215349
1.323455399474767 1.7676544402348286
0.7344084326689233 2.3567582349600205
1.3450261918966762 1.8174385710772363
0.79851374201817 2.353841119923927
1.3818969779495665 1.8075043519840506
0.9296350537235045 2.359105013510198
1.1798702965671324 1.8255506413053033
0.5879714961703767 2.3478852872881593
0.9060932512935151 1.787745071947386
1.2375608189757814 2.362721624965063
0.5864091704265195 1.8382587253616272
0.8992970035449582 2.335652030217735
1.2528690991775113 1.749433690745584
0.5995952792424606 2.3427595708023166
0.9556259198445725 1.7713144296888284
1.1094344152469087 2.358580563716665
0.6884633799408018 1.8237285674799384
1.2566295476768552 2.349350784417585
0.6037234517538087 1.7925411392266533
0.9727554246389405 2.3626967417668725
1.0603330561124817 1.8381704430384098
0.8066049059478543 2.335748948584956
1.3794693955032131 1.7497248881371616
0.9202417698555163 2.343047980893457
1.203694936340349 1.7722246035231501
0.5777084015712892 2.3589825798171633
0.8608900593624269 1.825124800998699
1.3255526589260256 2.3482343626522306
0.740199592112584 1.788883539358717
1.352523274420781 2.362765762402538
0.8230712986776315 1.8384153485579011
1.369861368019291 2.335479682194455
0.8840651682124236 1.7489163549773008
1.2846595171198945 2.34224199730751
0.6454879216509914 1.7696853828233103
1.1302254716712095 2.35781018329731
0.6489875939032017 1.8210616684900196
1.1419686713358341 2.3513628358922443
0.6300846526762766 1.799196248747641
1.075736162438087 2.3617516670190626
0.7663843660343908 1.8348260976298794
1.376048728703382 2.3392988941191697
0.9071766586470068 1.7605280932749268
1.2350605328249395 2.3522618566877
0.5848068479092726 1.8021960042323752
0.8922942880185256 2.3609827074607717
1.2679334238560807 1.832117448684751
0.6182407480813011 2.3419990665902626
1.0309005219079004 1.7689226899891972
0.8890571153398488 2.3574270513026785
1.2746423614259694 1.819739609023134
0.6283473250774748 2.352301353600098
1.0693139336017974 1.8023281638553135
0.7828558215520472 2.360943957865617
1.382176143827209 1.8319812566694251
0.9307216201418149 2.342130665502239
1.1770517573946226 1.7693356986011488
0.5900441056337659 2.3576363013724237
0.9150601321306531 1.8204613076374805
1.2163947301950757 2.3517938818138684
0.5777026728163296 1.800632505896493
0.8608644727240139 2.361409946389396
1.3255924001703794 1.8336210106650637
0.7403102650291619 2.3405196595715956
1.3526584663040337 1.7643044753786385
0.8235244769387233 2.3548008473585154
1.3695103544526088 1.8107543000279094
0.8827745623726804 2.3576322325092938
1.2871829683918912 1.8204472694973561
0.6501903025159502 2.351803863352901
1.1459480968961382 1.800665808654169
0.6242748505034471 2.361401447586166
1.0540487533965135 1.8335910680489604
0.8236696045461152 2.340549595353974
1.3693969802918886 1.7643974758373078
0.8823581848682953 2.3548589286858768
1.2879911790432526 1.810951561914944
0.6517288943171032 2.35753498903988
1.1509964843630323 1.8201117833218936
0.6173538358708238 2.3520411126167926
1.0274460227986193 1.8014579588468642
0.8990807900393298 2.3611915454206978
1.2533452019655993 1.8328519684642606
0.6000985492110577 2.3412824250996365
0.9577276242614117 1.7666798750435022
1.1035024548411694 2.3562173569885956
0.701019978306523 1.8155840597030146
1.2857980559089095 2.354995003805186
0.6475904932456554 1.811413976565205
1.137309793515736 2.357303536123124
0.6372744561932846 1.8193140098283251
1.101727370192842 2.3525951348840914
0.7048813208291045 1.8033121404202774
1.2940231295773499 2.360642580771671
0.6637077860606438 1.8309229430884697
1.1886391465438133 2.343139628466678
0.5826696237838412 1.7725141865793765
0.8829035958564426 2.359106217355592
1.2869319209373142 1.8255548324821067
0.6497155949788097 2.347881829558377
1.1443808839039806 1.7877338090093513
0.6265260329471738 2.3627210337138513
1.0625233092533262 1.8382566284945088
0.8007407384614185 2.335654334597286
1.3813822239140705 1.7494406050587101
0.9276349557324584 2.342766443973811
1.1850256360455687 1.7713361038630426
0.5846427006777812 2.35859037848285
0.8915750689562847 1.823762620230639
1.2694381923731854 2.349324072278079
0.6204112800052299 1.792453330295595
1.0392988522937432 2.3627021568340525
0.8649389765676039 1.8381896512209253
1.3191081653054733 2.335727875591952
0.7227162383657905 1.749661554034988
1.327370557652137 2.3429854305656956
0.7452978903098798 1.772027059571426
1.3584362655921676 2.358897057092505
0.843228164092647 1.8248275141993915
1.3499330989280809 2.3484756880279742
0.8144588681427571 1.789672032197756
1.3756570228306386 2.362778043758677
0.905693474636192 1.8384589350247884
1.2384793397046276 2.335431625792535
0.5870366323001406 1.7487722127629104
0.9020303022868654 2.3420966083930295
1.246791664362671 1.7692287806040117
0.5936649614894365 2.357582534328703
0.9305875474536394 1.820275784309453
1.177400211127994 2.3519254502834435
0.5897782618674543 1.801071634135201
0.9139131600531842 2.3612957562613945
1.219160726753166 1.8332188045082023
0.5782176662656061 2.3409201655376806
0.8631632066937678 1.7655502148779043
1.3219725538464777 2.355561085700581
0.7303727670607755 1.8133415491213998
1.339312096446533 2.356285848560345
0.7805687727624893 1.8158185832089844
1.3817219879323959 2.3548533892158314
0.9289546228499761 1.8109327473968806
1.1816289592833868 2.357544302702666
0.5867684702630381 1.8201439032353395
0.9008627800698619 2.352018509394224
1.2494008712525706 1.8013824419241982
0.5960987756114079 2.3612121913798987
0.940923461661823 1.832924630318829
1.1500109276633337 2.3412109005740027
0.6186649846434565 1.7664566197506035
1.0325482522845242 2.356090158227949
0.8842957429450364 1.815148757863954
1.28420578284677 2.3552545340494446
0.6446587443905616 1.8122969282539905
1.1274077427941107 2.3568479408067495
0.653901064683022 1.8177466990188544
1.1580421712885518 2.35364186071108
0.6085559901493204 1.806831865938958
0.9924812683361185 2.3593792238434643
1.0023033675449502 1.826505423470944
0.9731642871032261 2.3470880745968987
1.0591428570876622 1.7851543250067508
0.8098100983201206 2.3625046338193147
1.3780852591096104 1.8374892649301489
0.9149308419863662 2.336491236731056
1.2167073524634322 1.751961754322736
0.5777515712798489 2.345193320014665
0.8610828701079739 1.7790487645811166
1.325252789598788 2.3613497228794893
0.7393655990456016 1.8334088536929891
1.3514947317932517 2.340731351436214
0.819635335279266 1.7649625084568352
1.3723737073667448 2.3552072010413134
0.8933673475657162 1.812135797810321
1.2656734155092892 2.356932422163735
0.6150857099548963 1.8180370203502407
1.0185522505299238 2.3534521498633825
0.9251056110203261 1.8061923402546987
1.1914825867950911 2.359630243412272
0.5813278765154387 1.827380720937016
0.8769793075991179 2.3463396164887484
1.2981684715223816 1.7827337767523412
0.6724439150679081 2.3621551196991684
1.2141777188169927 1.8362517391888438
0.577423906868085 2.337814654450148
0.8596188836747256 1.7559788405249361
1.3275119250470249 2.348734497732983
0.7456973963277623 1.7905189614808794
1.3588723927038 2.3627745864010086
0.8447418030024485 1.8384466631824479
1.3480892773390727 2.3354451583191915
0.8084100624558326 1.7488128002332763
1.3787191208836433 2.3421375905048594
0.9173588943733147 1.7693574365649127
1.2108013379825524 2.3576471969619037
0.5772275381900634 1.8204989073311022
0.8587409191943969 2.3517671240290055
1.3288470798351135 1.8005432424996384
0.7494921518347253 2.36143260446679
1.3628176427862635 1.8337008437198943
0.8585994905402745 2.340439750558737
1.329060772078284 1.7640563314375384
0.7501031229649279 2.3546448340350854
1.3634194610272141 1.810224754877539
0.8607392942040264 2.357888837703893
1.325786644133836 1.82133342562978
0.740851721914341 2.3511650658525296
1.353315525205662 1.798538510555021
0.8257322003627624 2.3618918957377577
1.3677352371002045 1.8353212599930098
0.8762821317230689 2.3387882912938838
1.2994512749229896 1.7589578426864296
0.6752299495014858 2.3511022651966194
1.2219728107723904 1.7983298078658798
0.578932134943141 2.3619342593670156
0.8663471673299208 1.83547092952473
1.3167949436475173 2.3386329235865273
0.7166676676140064 1.7584811341627027
1.3169234013424151 2.350738144647095
0.7170003938346957 1.7971213286487524
1.3175212204128361 2.3621592368804443
0.718553711843576 1.8362663030501762
1.3202765566826722 2.337799272541373
0.7258171477637766 1.7559319385694827
1.3323801627479075 2.3486954651883316
0.7597210374341679 1.7903911455415118
1.3716734912858677 2.362776212870176
0.8907633452074629 1.8384524345638011
1.2711267916815383 2.335438793730882
0.6229133537026849 1.748793713512446
1.0488803937646356 2.3421183195868003
0.8379501480753722 1.7692969354940105
1.3559900791342558 2.357616834722565
0.8348064855170672 1.8203941303255609
1.3593190113139575 2.3518416123549097
0.8462956444764209 1.8007917797004236
1.3461475400471759 2.3613690550720614
0.8021144350980082 1.833476954415414
1.381006414553956 2.340663508411513
0.9261775436590972 1.7647515175816328
1.1887547960470977 2.355078074283628
0.5826114178842923 1.8116964495862753
0.8826470519251248 2.3571597306036436
1.2874307776636502 1.8188188640786396
0.65066038858628 2.3529318013878466
1.1474955917570564 1.8044418531105169
0.6220994391198594 2.360268602462025
1.0457753648515185 1.829612097812824
0.8466271902746532 2.344355691669172
1.345726838273463 1.7763730561020739
0.8007605312243267 2.3605574258241697
1.3813771245852275 1.8306242253662965
0.9276151625741084 2.343420028388022
1.185076436244305 1.7734012593969384
0.5846128963474824 2.359472143420059
0.8914444421772554 1.8268292903151757
1.269710626507242 2.346813103177814
0.6208102108030629 1.7842637279161684
1.040833722451241 2.362392550348858
0.8605747434319792 1.8370921590312945
1.326041531247073 2.336919442001995
0.7415634807253833 1.7532574600862532
1.3541682001257893 2.346379243319087
0.8286099133619369 1.782861644357717
1.3652601943143905 2.3621771385301886
0.8673262340543011 1.836329630696795
1.315165041160319 2.3377323114795954
0.7124785724015588 1.755727818054845
1.3091672864289636 2.348524936301456
0.6975859696615979 1.7898330916312801
1.2781870622385785 2.3627787169014893
0.6341329856052255 1.8384613215864607
1.0904884691371775 2.335428993958443
0.7303821849899126 1.7487643268867776
1.3393258977012468 2.3420886297619408
0.7806112901072468 1.769203727908103
1.3817315927844014 2.357569891501499
0.9289919548599387 1.820232168491984
1.1815325962869787 2.351956270703557
0.5868325852492013 1.8011745515645363
0.9011420058348336 2.3612683384430775
1.2487786363699593 1.833122271016487
0.5955030309951598 2.341015774928552
0.9384010946548278 1.7658480939177972
1.1567897397077376 2.355737200570464
0.6100453750704042 1.813942513011265
0.9984877805326693 2.355951167426967
0.9844879369352572 1.8146734636604573
1.025940437755417 2.3555329884954954
0.9034657020699021 1.8132457280600267
1.2435570658575532 2.3563384509922196
0.5908821693717337 1.8159987620977358
0.9186697546302176 2.3547437446415627
1.207582503920684 1.8105604235573947
0.5772956876459809 2.3577269255273587
0.8590456657114717 1.8207741299744602
1.3283853165808412 2.3515702882367377
0.7481753270043374 1.799887024949906
1.3614890591515543 2.361593391822611
0.8538998087951616 1.8342676603418933
1.3359410533019975 2.33986846569222
0.7703026666261755 1.7622861563851329
1.378109778366288 2.3534877388887256
0.915024634032388 1.8063122585910136
1.2164805835772947 2.359583900816572
0.5777158666454831 1.8272190345372963
0.8609234047733823 2.3464791422018068
1.3255008483730832 1.7831841424586221
0.7400553555021817 2.3622309094088165
1.352346622420364 1.8365198919663568
0.8224796696700568 2.3375306486358616
1.3703127475776191 1.7551136510963588
0.8857280763657898 2.3480056194402636
1.281367606786093 1.7881372415663122
0.6395854430108698 2.3627403562612894
1.109876630774084 1.8383251854012612
0.6875491858754001 2.3355789612486313
1.2543631125721775 1.7492142848419232
0.6011934033117117 2.342540875860946
0.9622870603284659 1.7706254144720104
1.09053666026209 2.358262694147949
0.7302691068675506 1.8226267812430195
1.3391600337054719 2.350201240299822
0.780100513785953 1.795344225123673
1.3816133058963962 2.362427112940406
0.9285322874263965 1.8372145855616993
1.1827180474476062 2.3367877853634007
0.5860584142087848 1.7528586654201566
0.897766871678725 2.3460186755073
1.2562236358999166 1.7816993379404797
0.6032609675917094 2.3619623909618634
0.9708489821943707 1.8355703282832765
1.0658732150587507 2.338529480126031
0.7918603517409957 1.7581640233092326
1.3827338876125013 2.3504928119685227
0.9328963752094334 1.7963085852401275
1.1713735564056462 2.362291061974048
0.594754546179055 1.8367327928590376
0.9352249865667808 2.3373040701534924
1.1652404575483786 1.7544246289370111
0.6006328754025501 2.347411876951315
0.9599549798565906 1.7862050501450941
1.0971844868260425 2.362612184982903
0.714974133054364 1.8378705329177298
1.3138389554420593 2.3360769730157256
0.7091149218696468 1.7507119321568017
1.3026330061572902 2.3440099391160114
0.6823076759998267 1.7752727965222865
1.2410002230827277 2.3601808438031924
0.5888659736950206 1.8293048707076545
0.9099700257618235 2.3446353005059164
1.2285404369671153 1.7772646316424705
0.5813539630186946 2.3608408615607486
0.8770946961653621 1.8316190282946143
1.297955347896853 2.3424787283572233
0.671984816289445 1.7704298023799077
1.2128768307929239 2.358170318952766
0.5773156795177783 1.8223069564964147
0.8591350564632739 2.3504430512858523
1.3282495293293324 1.7961438788028685
0.7477889854324282 2.362315862155727
1.3610911065948428 1.8368205907440704
0.8524986052038811 2.3372103555133146
1.3379086303236627 1.7541399588074538
0.7762655104874466 2.3471631315771733
1.3805219246624802 1.7853976878497435
0.9243021868061063 2.3625319219331438
1.1935186312984465 1.8375859761092226
0.5804820203247553 2.336386448134192
0.8732333087387567 1.7516452690648439
1.304961262888003 2.344897319709559
0.6876374313393329 1.778101579840757
1.2545827242890093 2.361089248542584
0.6014329940382536 1.8324920684232562
0.9632824653688963 2.3416350199312226
1.0876894039217526 1.7677820256537309
0.7370027686400668 2.356827318919538
1.348487277154471 1.8176758503533266
0.8097099293049007 2.353687862187777
1.378132114487472 1.8069870509454802
0.9151100851430964 2.3593168758342227
1.2162738837137295 1.8262882040355861
0.577684410106117 2.3472712117586676
0.860782897960121 1.7857483357456259
1.3257190172781295 2.3625687151460197
0.7406631204730414 1.8377164084010256
1.3530874809867286 2.3362448064654218
0.8249650043958399 1.7512178461490282
