1 2
0.8 1.6
4.9122956912580324 3.985186889517182
6.24445676972205 3.8621632592943627
2.4803237296157916 5.8691442568730405
1.9119709252368962 7.4028526139193636
3.1033831623750956 5.328119681712193
1.4323827168078265 2.8309092939767533
0.4154511739338287 4.571251770881554
-0.6732647449250173 5.173128870722099
-2.391100415236722 3.086321982183563
-1.049464022161411 1.9223443740824384
-0.4341908131980755 2.6616555907945414
0.2901027591109281 3.995008355180715
-1.3516290298866425 3.8341246418050052
0.020817496527689494 5.0370438783722875
-0.18509847308252475 4.422875422031314
1.2228171687744451 3.498436752151461
-0.2942399763873549 3.3189728379331487
1.105391771629882 1.8584806815465986
0.19211536912182225 2.866409124588303
-1.0976847589086463 3.761720463415185
-0.279342241632904 4.937269055472916
1.0202393457069672 5.234493399101655
0.8159287575080829 3.744328941069
1.9336441090896563 4.85039517642241
2.356796011591117 5.655243835889794
1.3190518131525104 6.4387190053201415
0.19180233751254394 5.749371620385328
-0.9049396972528674 6.70259444958735
-1.5170479247892856 7.554485794861026
-1.5832018067309979 7.66195172829969
-2.081792417916823 8.336101079538121
-1.4716290151546252 7.108302626023809
-1.2300827034864854 6.1865226010760885
-0.1347517258288744 4.9986861542273395
0.6541732145982699 4.840707943035939
1.483968768432899 5.551223803722769
1.3333280517993444 5.693533782093443
0.41928965457422585 6.454649062092509
-0.076452684148694 5.971266028922126
0.3793836052478878 5.96095325989424
-0.2987363623173515 6.012474424952897
0.6239774107754366 5.7540714892965354
1.2706363151565887 6.527495601849072
0.3039737601583016 6.493893796268719
-0.5786320357094504 6.2668651958478865
-0.9963580075818372 5.172686055607105
-0.9883466831751172 4.221381162175308
-1.0257715676987813 3.2176449139622125
-0.8535013175398853 2.2563580060608723
-1.5298411462019446 1.3140473775057808
-1.6498259168171965 0.4758864426631557
-2.302178142318846 0.33255008255657614
-1.430027938434852 -0.41907624138635347
-1.0308668695304868 0.004681203290297975
-0.8414957447956407 -0.0201361542801003
-1.517655668075267 0.08540942394040224
-1.569135400964157 -0.3386296469778448
-1.872540569259144 0.3645969033191633
-2.406560133683731 -0.2546305158744464
-1.8992938988230508 0.556028878773846
-2.3229435183165656 0.8170547511170065
-1.554499237243463 1.5188485751600056
-1.779354513034746 1.5736740764907966
-2.5013292174336885 1.8826487105529395
-2.446209949197216 2.3562787320327363
-2.1319179248956557 1.6959717976701032
-1.518530006989537 2.373303375802869
-1.569835782719871 1.7756294713094922
-1.851361788697449 2.4744517882541848
-2.4069115527711635 2.2965333638306404
-1.941353931824572 1.533348130615173
-2.1607994499465053 1.6504184747727892
-1.4919020584170783 2.2040842480755134
-1.4205489075682043 1.4576472527674569
-1.042924893171134 1.2346683815743005
-0.8283688180026842 0.4938119955762664
-1.4365212681188058 0.45497563222834597
-1.1296617522169183 0.24741134538300905
-0.5933379521572539 -0.4605094941907135
-0.966509724054464 -0.2788232199801015
-1.0900942581803312 0.40984919273027187
-0.6962755515658337 0.030757004579975655
-1.3279444198378694 -0.1015752883332054
-0.6977375125895158 0.306645494928453
-1.3240208514861371 -0.3350389551948009
-0.6935536788197862 0.2518811664370412
-1.3068716148824113 -0.4232319748259527
-0.6552203753649307 -0.10532093252392732
-1.189702391721092 0.3038858217506494
-0.5528103259437623 -0.3237495787208181
-0.7546791653175366 0.2689888288518859
-1.3902822501787986 -0.38349391132360333
-0.9493994297110853 0.05756833732959715
-1.1314353230588692 -0.1717362963906973
-0.6369308444991292 0.3970595753021551
-1.107621183211831 0.00454164201182522
-0.6880268240049539 -0.0136593709567766
-1.2584087229572753 0.0407453835926718
-0.605798752215594 -0.11917447200196321
-0.979407016498558 0.3088065445354319
-1.0402843032484101 -0.2774498450502929
-0.8647488546071775 0.3379330761102949
-1.3105882945414642 -0.19314252542716037
-0.7157297632697107 0.3850894884362245
-1.2980098187967184 -0.025717051124774237
-0.6929219430557998 0.0725033372328521
-1.2457205059681298 -0.19489050407198125
-0.6202543747390322 0.37494340297557105
-1.0192213070114473 -0.0559693671113482
-0.9280235748206999 0.15052127752473315
-1.1699243865641096 -0.33378130915162657
-0.6300876282123705 0.18354838862294592
-1.0474859818816182 -0.3578106712509505
-0.8557184121155779 0.10540859284823412
-1.299169374560318 -0.25528819357379945
-0.721768074622816 0.3299921543810969
-1.2778170040303198 -0.18296535980456935
-0.6871859704119139 0.3460287507253443
-1.2041186263785282 -0.1325867117777556
-0.6345980024872677 0.2925096310026178
-1.048858527846479 -0.26146905556325545
-0.8587437206240643 0.3083114959180469
-1.2809051950415236 -0.22402335433053372
-0.7065686396217482 0.33450038022181666
-1.2330174538357164 -0.1541525470124876
-0.6567634267462636 0.3080406074404391
-1.1079115855993178 -0.21624357835819902
-0.7414005063498619 0.32837138538494676
-1.2786630620721322 -0.16298784212672768
-0.7162337549982942 0.30880635963594016
-1.238384888640179 -0.20654200287678914
-0.6735375437967522 0.3216764124471544
-1.1432404547047113 -0.17254595291437463
-0.6999593606621386 0.3084115403613433
-1.2003216158348207 -0.199775978889346
-0.6689419092466867 0.3139390857333266
-1.1245313113065276 -0.18368128917778592
-0.7297259722082823 0.3067657374095173
-1.2441147585654555 -0.1960254119575855
-0.6943821551593576 0.3062780528288501
-1.178132020430073 -0.19351337414673553
-0.6856663762648678 0.30240262918976885
-1.1556402493635591 -0.19811022010139684
-0.7037072720016975 0.29948262444402884
-1.1902174266881254 -0.20054369306237996
-0.6884871901898537 0.2961730917877055
-1.1555456434752407 -0.203587782407804
-0.7098927401626942 0.2927544501170476
-1.1951166118471406 -0.206646332420725
-0.6944487751780064 0.2891821366268945
-1.1620870285522784 -0.20977633712514504
-0.7108756131493679 0.28544428788189796
-1.1905108600217933 -0.2129656468850668
-0.7015547653438663 0.2815314170677134
-1.1702526982718033 -0.2161937113368793
-0.7117640041912319 0.2774399636073596
-1.185946323143535 -0.21942688916434355
-0.7086603726453822 0.27317699182395594
-1.1775224005312845 -0.22261402540608421
-0.7142421658220985 0.26876647613889026
-1.1842655896466296 -0.22568265078773725
-0.714959468215876 0.2642564896604915
-1.182584684366061 -0.22853776414064086
-0.7182561827405682 0.25972509443828035
-1.1851085087348738 -0.23106623961702116
-0.7204165100303368 0.2552808541321779
-1.1857081950681412 -0.2331496635931385
-0.7230458472498422 0.25105288916559193
-1.1869587165269995 -0.23468585591251606
-0.7255205563591867 0.24716810391795324
-1.1878890843265 -0.2356137251167369
-0.728041932416297 0.2437204455356552
-1.1888042324618024 -0.23593117149015425
-0.7305467964946168 0.24074545067311026
-1.1896128884162411 -0.23569637327319864
-0.7330452464445197 0.23821395874361395
-1.190331324804017 -0.23501093518581723
-0.7355300235296245 0.2360483052331147
-1.1909521339530886 -0.23399323119408455
-0.7379975175469214 0.2341507733879427
-1.1914736323365693 -0.23275374575882463
-0.7404438186319342 0.2324295478430154
-1.191894419821378 -0.2313801588565746
-0.7428654749512119 0.2308133249800754
-1.1922142481214788 -0.22993329090479847
-0.745259516556485 0.22925435031761227
-1.1924339182277923 -0.22845055958808824
-0.7476234915499701 0.22772439493621138
-1.1925551849100964 -0.22695253862299464
-0.7499555264476534 0.22620852697902843
-1.192580673403743 -0.2254493554674864
-0.7522543119179295 0.22469959770665526
-1.192513733775613 -0.2239454563541159
-0.7545190739221439 0.22319446209379606
-1.1923582745891166 -0.22244254177076478
-0.7567495516858185 0.22169180161082108
-1.192118639798302 -0.22094112620310635
-0.7589459098417921 0.22019104734434997
-1.1917994253582918 -0.21944127034889022
-0.7611086970236095 0.2186919064856475
-1.1914053626835774 -0.2179428731452478
-0.7632387594925074 0.21719417728058826
-1.1909412076706318 -0.216445786811386
-0.765337165433976 0.21569768323973693
-1.1904116210584048 -0.21494984961655544
-0.7674051819346821 0.21420225918125102
-1.189821135681946 -0.2134548950770937
-0.7694441842243214 0.21270773845800467
-1.189174063542204 -0.2119607642362047
-0.7714556203874599 0.21121395609149085
-1.1884744943026173 -0.2104672897849829
-0.7734409827649493 0.20972074737562996
-1.1877262488772797 -0.2089743079029469
-0.7754017612549555 0.20822794812060708
-1.1869328810059692 -0.20748165195464607
-0.7773394415031212 0.206735396529308
-1.1860976891729307 -0.205989161688015
-0.7792554653485839 0.20524292655250925
-1.185223691118387 -0.20449667011984934
-0.7811512564347323 0.20375037307277588
-1.1843136742508842 -0.20300401274365437
-0.7830281507266931 0.2022575705565321
-1.1833701669503114 -0.2015110249675794
-0.7848874497883966 0.20076435532594888
-1.1823954846934925 -0.2000175396147464
-0.7867303979793485 0.19927055789505888
-1.1813917389203363 -0.19852339003140412
-0.7885581676028339 0.19777601242465642
-1.180360835677843 -0.19702840642168468
-0.7903718816838106 0.19628054949089574
-1.1793045169805958 -0.19553242207216343
-0.7921726025233241 0.19478400033993626
-1.1782243541854474 -0.19403526422711853
-0.7939613249957921 0.19328619212222475
-1.1771217700113124 -0.19253676226281619
-0.7957390093138994 0.19178695367722248
-1.1759980536822687 -0.19103674291218092
-0.7975065645290207 0.1902861069317311
-1.1748543718584457 -0.18953502831392793
-0.7992648382517705 0.18878347961934372
-1.1736917758861134 -0.18803144251126375
-0.8010146436764325 0.18727889131614794
-1.1725112115615302 -0.18652580524242796
-0.8027567655679135 0.1857721618936991
-1.171313536389898 -0.1850179364966119
-0.8044919237468089 0.1842631061217463
-1.1700995175204505 -0.18350764849108542
-0.8062208335571648 0.18275153936328697
-1.1688698428898312 -0.1819947566647357
-0.8079441570630441 0.18123727522311855
-1.167625129400377 -0.18047907053661605
-0.8096625335786575 0.1797201183967696
-1.1663659320258721 -0.17896039412958098
-0.811376584131019 0.17819987484469468
-1.1650927400176692 -0.177438533816194
-0.8130868953595589 0.17667634723294318
-1.1638059920687205 -0.1759132878240003
-0.8147940315294968 0.17514933271570815
-1.1625060656307014 -0.17438445408279857
-0.8164985523269054 0.17361862665381456
-1.1611933027284083 -0.1728518235387138
-0.8182009801163804 0.17208401671294127
-1.159867993852648 -0.1713151827918049
-0.8199018311769664 0.1705452902621974
-1.1585303932911553 -0.1697743148381135
-0.8216016060215319 0.16900222666314413
-1.1571807142886839 -0.16822899871956526
-0.8233008017487708 0.16745460316535637
-1.15581913379512 -0.16667900989637324
-0.8249998873563461 0.1659021883711258
-1.1544457979265055 -0.16512411231247792
-0.826699331645296 0.16434475027749634
-1.1530608195778422 -0.16356407221163588
-0.8283995967003535 0.1627820465197246
-1.1516642831742563 -0.16199864263401254
-0.8301011371923037 0.16121382880536833
-1.1502562446294808 -0.1604275735950147
-0.8318044007520021 0.15963984474401027
-1.1488367316478025 -0.15885060923629146
-0.8335098309653399 0.15805983360186576
-1.147405750196346 -0.15726748504074411
-0.8352178670829895 0.15647352745922444
-1.1459632762989573 -0.15567792792922835
-0.8369289433170658 0.15488065199207612
-1.1445092673196635 -0.15408166199300766
-0.8386435066950507 0.15328092124750664
-1.143043652213836 -0.15247839480813985
-0.8403619906417066 0.15167404481417818
-1.1415663431812524 -0.1508678326988495
-0.8420848333730779 0.15005972015469216
-1.1400772257663163 -0.14924966816877455
-0.8438124744356692 0.14843763729163473
-1.1385761676600523 -0.14762358633200323
-0.8455453571366547 0.1468074747184686
-1.1370630144328817 -0.14598926049053884
-0.8472839340415438 0.1451689005815629
-1.1355375843254942 -0.14434635297055176
-0.8490286597109566 0.14352157314885428
-1.1339996845597633 -0.14269451697409402
-0.8507799868174813 0.14186513748715335
-1.1324490969440302 -0.14103338948426053
-0.8525383911539763 0.14019922563530557
-1.1308855806126945 -0.13936259797239614
-0.8543043368309041 0.13852345778599862
-1.1293088753602223 -0.13768175539614635
-0.856078318547113 0.1368374407321769
-1.1277186974108784 -0.13599046106271245
-0.857860825179116 0.13514076566074895
-1.1261147447504958 -0.13428829944797482
-0.8596523651601145 0.13343300885914527
-1.1244966905494942 -0.13257483768446254
-0.8614534529371081 0.13171373072761983
-1.1228641880582997 -0.13084962931657962
-0.863264615133769 0.129982474465762
-1.1212168653465926 -0.12911220742890622
-0.865086404195119 0.12823876680005059
-1.119554325732935 -0.1273620902584386
-0.8669193768983197 0.12648211401635812
-1.1178761509768167 -0.12559877321995883
-0.8687641065544398 0.12471200306185792
-1.1161818978360767 -0.12382173617831393
-0.8706211941519265 0.12292790344403279
-1.1144710948479393 -0.12203043519411394
-0.8724912488774497 0.12112925985102915
-1.1127432470421763 -0.12022430448767338
-0.874374901327961 0.11931549576902936
-1.1109978334030703 -0.118402757703916
-0.8762728016279725 0.1174860129271611
-1.1092343039580446 -0.11656518324902479
-0.8781856298831479 0.11564018682544608
-1.1074520777674834 -0.11471094314420663
-0.880114077037854 0.11377736919572326
-1.1056505487184665 -0.11283938004585078
-0.8820588665776717 0.11189688829240299
-1.1038290800094195 -0.11094980593826034
-0.8840207378008286 0.10999804237484292
-1.1019870076948817 -0.10904150641852939
-0.886000462503395 0.10808010477947566
-1.1001236300848731 -0.10711374183074346
-0.8879988309118246 0.10614232148174221
-1.0982382213371666 -0.10516574548245775
-0.8900166637583528 0.10418391255968984
-1.0963300244256602 -0.10319672172475472
-0.8920547971065921 0.10220406962337336
-1.0943982553195464 -0.10120585015259873
-0.894114100586503 0.10020195759645811
-1.0924420955001723 -0.09919228382265252
-0.8961954622176215 0.09817671934143818
-1.0904607037551193 -0.09715515242886338
-0.8982997894819464 0.09612747097937849
-1.0884532132568696 -0.09509356225606491
-0.9004280070595355 0.094053310605405
-1.0864187383578818 -0.09300660103055683
-0.9025810567460179 0.09195331847690427
-1.0843563726708187 -0.0908933450631132
-0.904759881672726 0.08982656538979095
-1.0822652045573695 -0.08875286059899312
-0.9069654286242661 0.08767211526109758
-1.0801443197184868 -0.08658421268300256
-0.9091986363875362 0.08548903769856755
-1.0779928092360638 -0.08438647637852673
-0.9114604214598748 0.08327641661038929
-1.0758097874590913 -0.08215874843090099
-0.9137516660519717 0.08103336584649826
-1.0735944066750396 -0.07990016434422734
-0.9160731986528754 0.07875904614033999
-1.071345875100661 -0.07760991549390603
-0.9184257671361371 0.07645268581282677
-1.0690634872675244 -0.07528727556782205
-0.920810019836176 0.07411361135146277
-1.066746646323702 -0.07293162936349656
-0.9232264596553152 0.0717412762733351
-1.0643949132764148 -0.0705425097624045
-0.9256754124164404 0.06933530214611242
-1.0620080413189332 -0.0681196399613721
-0.9281569698240251 0.06689552787068034
-1.0595860358679121 -0.06566298883582408
-0.9306709355523934 0.06442206615349666
-1.0571292159163648 -0.06317282819897777
-0.9332167532209379 0.061915368577145
-1.0546382924121278 -0.06064980930402715
-0.9357934274258306 0.05937630519688353
-1.0521144471345731 -0.05809504486872831
-0.9383994326140201 0.0568062544703998
-1.049559435864926 -0.05551020259382532
-0.9410326097960178 0.05420720152487436
-1.0469756943298758 -0.052897613613919967
-0.9436900535676508 0.05158185156531518
-1.0443664621239321 -0.050260386871672946
-0.9463679910238818 0.04893374823014808
-1.0417358977282571 -0.0476025305289285
-0.9490616664118366 0.046267395615011406
-1.0390892054238647 -0.04492907640470237
-0.9517652139480248 0.04358838181604062
-1.036432757343102 -0.04224619781866226
-0.9544715521889594 0.04090349112774684
-1.0337741937617257 -0.03956131261172317
-0.9571723003700802 0.038220796161974616
-1.031122491510255 -0.03688316149107104
-0.9598577349656582 0.03554971358897159
-1.0284879938560947 -0.0342218398597675
-0.9625167954097535 0.03290101109152263
-1.0258823745174899 -0.031588774162507174
-0.9651371630595933 0.03028674980346146
-1.02331852165133 -0.02899662301112821
-0.9677054276525273 0.027720138241762837
-1.0208103353776898 -0.026459085507039723
-0.9702073442633158 0.025215293644238385
-1.0183724185945815 -0.023990614210281716
-0.9726282020923869 0.022786907276011382
-1.0160196678062339 -0.021606025542068495
-0.9749532754471041 0.02044980005889052
-1.0137667779730286 -0.019320018702139306
-0.977168358974004 0.018218409224801425
-1.0116276793279853 -0.017146622684229923
-0.979260345093483 0.01610621323033725
-1.009614951677848 -0.015098619752766145
-0.9812177993785695 0.014125150309142631
-1.007739254605675 -0.013186966627454146
-0.9830314881816173 0.01228507078380019
-1.0060088342202076 -0.011420292224878153
-0.984694814194634 0.01059327868302572
-1.0044291433184909 -0.009804492321202528
-0.9862041031844236 0.009054203912273288
-1.0030026238697927 -0.008342489622013102
-0.9875587283682062 0.007669237935743235
-1.001728663643805 -0.0070341501527825725
-0.9887610499627765 0.006436750706629284
-1.0006037320371857 -0.005876394762303868
-0.989816195646751 0.005352279839967644
-0.9996216696114649 -0.0048634604411606445
-0.9907316911318212 0.00440886206199579
-0.9987741114839604 -0.0039872984765876324
-0.9915169952873194 0.003597486386412712
-0.9980509823358381 -0.003238063335703416
-0.9921829767711572 0.0029076058399028657
-0.9974410370334309 -0.002604642778804891
-0.9927413802598478 0.0023276744449118366
-0.9969323834401992 -0.0020751851451087863
-0.9932043203904286 0.001845659761743573
-0.9965129667988409 -0.0016375944546131054
-0.9935838369675439 0.0014495096390182666
-0.9961709847708184 -0.0012799585480692674
-0.9938915219920503 0.0011275375234171348
-0.9958952212940808 -0.0009908933230795922
-0.994138235934709 0.0008687290668837663
-0.9956752859373106 -0.0007598077966289088
-0.9943339123806989 0.0006629572350511461
-0.9955017765458056 -0.0005770730119078844
-0.9944874389914119 0.0005011186009777431
-0.9953663635874124 -0.0004341251635082481
-0.9946066077012287 0.00037519400977701646
-0.9952618074825291 -0.0003234913946624248
-0.994698130280729 0.0002782515588344971
-0.9951819280960638 -0.00023877042466764406
-0.994767681197105 0.00020440615203149614
-0.9951215407479531 -0.00017457287433351461
-0.994819984878684 0.00014874129397081566
-0.9950763628724275 -0.00012643217966367445
-0.9948589117523711 0.0001072153368215258
-0.9950429128162573 -9.070454231171007e-05
-0.9948875845941398 7.655600214464173e-05
-0.9950183997801862 -6.446250056041218e-05
-0.9949084895210494 5.415163059471299e-05
-0.9950006185508277 -4.538220258039284e-05
-0.9949235758549488 3.794361372130759e-05
-0.9949878514127334 -3.165008066961428e-05
-0.9949343530129326 2.6338399769645458e-05
-0.9949787774022725 -2.186690565687123e-05
-0.9949419743217595 1.811188002676415e-05
-0.9949723923449392 -1.4966814817482013e-05
-0.9949473106977624 1.233912319266058e-05
-0.9949679436150268 -1.0148607505939077e-05
-0.9949510097055801 8.327209617823936e-06
-0.9949648755685213 -6.817217349159703e-06
-0.9949535481278476 5.568298963922981e-06
-0.9949627805836166 -4.536830388862454e-06
-0.9949552737880542 3.6883996060010425e-06
-0.9949613632340051 -2.9916815215739223e-06
-0.9949564346163797 2.4206934444401784e-06
-0.9949604141419749 -1.9543955831052574e-06
-0.9949572081623641 1.5743245518801288e-06
-0.9949597849795299 -1.2655658414637106e-06
-0.9949577185610543 1.0152080280594777e-06
-0.9949593721571803 -8.119670242090186e-07
-0.9949580524758094 6.473531655544588e-07
-0.9949591028755281 -5.150208360414253e-07
-0.9949582683749796 4.092370389925467e-07
-0.9949589299623721 -3.245137321177526e-07
-0.9949584065039473 2.5623998787708205e-07
-0.9949588200617056 -2.024624769351093e-07
-0.9949584941684811 1.5913404137435136e-07
-0.9949587500064534 -1.2513037228390896e-07
-0.9949585501508487 9.856859547363682e-08
-0.9949587061807452 -7.726612500619594e-08
-0.994958584530411 6.015864812920143e-08
-0.9949586785477805 -4.6679271808938694e-08
-0.9949586062376539 3.630393625260612e-08
-0.9949586616821494 -2.820360189376443e-08
-0.9949586190751232 2.2125947868280466e-08
-0.9949586523286917 -1.6714220268618987e-08
-0.9949586260180582 1.251981702782405e-08
-0.9949586464615728 -9.516698723390001e-09
-0.9949586310778159 7.193244122830159e-09
-0.9949586430016893 -5.26057929477154e-09
-0.9949586337367161 3.739680412957761e-09
-0.9949586406124902 -2.8716407786519934e-09
-0.9949586353286313 2.1480251399251943e-09
-0.9949586392876383 -1.547048106303899e-09
-0.9949586361235332 1.0897061394768605e-09
-0.9949586387577112 -7.542184828747535e-10
-0.9949586366524237 8.247471298527026e-10
-0.9949586382298525 -7.52681776318253e-10
-0.9949586369166054 8.232149013160998e-10
-0.9949586382285794 -7.511540040951864e-10
-0.9949586371800158 8.216915638472274e-10
-0.9949586382275668 -7.496350799669079e-10
-0.9949586371810254 8.2017703179042e-10
-0.99495863822656 -7.481249188556751e-10
-0.9949586371820293 8.186712206408547e-10
-0.9949586379646765 -7.466234368246338e-10
-0.9949586374434107 8.171740470247463e-10
-0.9949586377037948 -7.451305510582217e-10
-0.9949586374436588 8.156854286799593e-10
-0.994958637963436 -7.436461798429829e-10
-0.9949586374441521 8.142052844370221e-10
-0.9949586379629439 -7.421702425487829e-10
-0.9949586374446426 8.127335342005379e-10
-0.9949586377035486 -7.407026596104118e-10
-0.9949586374448866 8.1127009893098e-10
-0.9949586379617243 -7.392433525095688e-10
-0.9949586374453716 5.516385251041244e-10
-0.9949586377033062 -2.221650470879166e-10
-0.9949586377033062 2.9322165493358327e-10
-0.9949586377033062 -2.2168405146094619e-10
-0.9949586377033062 2.927420034960897e-10
-0.9949586377033062 -2.212057379637889e-10
-0.9949586377033062 2.922650217307254e-10
-0.9949586377033062 -2.2073008176193417e-10
-0.9949586377033062 2.9179068496402057e-10
-0.9949586377033062 -2.2025705834161222e-10
-0.9949586377033062 2.9131896884057883e-10
-0.9949586377033062 -2.197866435044874e-10
-0.9949586377033062 2.908498493178251e-10
-0.9949586377033062 -2.1931881336245858e-10
-0.9949586377033062 2.903833026608588e-10
-0.9949586377033062 -2.188535443325643e-10
-0.9949586377033062 2.8991930543740936e-10
-0.9949586377033062 -2.1839081313198962e-10
-0.9949586377033062 2.8945783451289373e-10
-0.9949586377033062 -2.1793059677317223e-10
-0.9949586377033062 2.889988670455714e-10
-0.9949586377033062 -2.174728725590059e-10
-0.9949586377033062 2.8854238048179525e-10
-0.9949586377033062 -2.170176180781393e-10
-0.9949586377033062 2.88088352551357e-10
-0.9949586377033062 -2.165648112003664e-10
-0.9949586377033062 2.8763676126292384e-10
-0.9949586377033062 -2.1611443007210852e-10
-0.9949586377033062 2.8718758489956395e-10
-0.9949586377033062 -2.1566645311198441e-10
-0.9949586377033062 2.867408020143603e-10
-0.9949586377033062 -2.1522085900646645e-10
-0.9949586377033062 2.862963914261098e-10
-0.9949586377033062 -2.1477762670562143e-10
-0.9949586377033062 2.8585433221510537e-10
-0.9949586377033062 -2.1433673541893424e-10
-0.9949586377033062 2.8541460371899966e-10
-0.9949586377033062 -2.138981646112114e-10
-0.9949586377033062 2.849771855287489e-10
-0.9949586377033062 -2.1346189399856414e-10
-0.9949586377033062 2.8454205748463403e-10
-0.9949586377033062 -2.1302790354446778e-10
-0.9949586377033062 2.8410919967235864e-10
-0.9949586377033062 -2.1259617345589656e-10
-0.9949586377033062 2.836785924192204e-10
-0.9949586377033062 -2.121666841795329e-10
-0.9949586377033062 2.83250216290356e-10
-0.9949586377033062 -2.1173941639804692e-10
-0.9949586377033062 2.828240520850568e-10
-0.9949586377033062 -2.113143510264477e-10
-0.9949586377033062 2.824000808331541e-10
-0.9949586377033062 -2.1089146920850232e-10
-0.9949586377033062 2.819782837914729e-10
-0.9949586377033062 -2.104707523132227e-10
-0.9949586377033062 2.8155864244035026e-10
-0.9949586377033062 -2.1005218193141835e-10
-0.9949586377033062 2.811411384802216e-10
-0.9949586377033062 -2.0963573987231212e-10
-0.9949586377033062 2.80725753828268e-10
-0.9949586377033062 -2.0922140816022076e-10
-0.9949586377033062 2.8031247061512664e-10
-0.9949586377033062 -2.0880916903129514e-10
-0.9949586377033062 2.7990127118166256e-10
-0.9949586377033062 -2.0839900493032207e-10
-0.9949586377033062 2.7949213807579897e-10
-0.9949586377033062 -2.0799089850758337e-10
-0.9949586377033062 2.7908505404940643e-10
-0.9949586377033062 -2.0758483261577457e-10
-0.9949586377033062 2.7868000205524843e-10
-0.9949586377033062 -2.071807903069781e-10
-0.9949586377033062 2.7827696524398356e-10
-0.9949586377033062 -2.0677875482969222e-10
-0.9949586377033062 2.7787592696122095e-10
-0.9949586377033062 -2.063787096259146e-10
-0.9949586377033062 2.7747687074463013e-10
-0.9949586377033062 -2.059806383282773e-10
-0.9949586377033062 2.770797803211028e-10
-0.9949586377033062 -2.055845247572344e-10
-0.9949586377033062 2.7668463960396527e-10
-0.9949586377033062 -2.0519035291830023e-10
-0.9949586377033062 2.762914326902414e-10
-0.9949586377033062 -2.0479810699933627e-10
-0.9949586377033062 2.7590014385796443e-10
-0.9949586377033062 -2.044077713678873e-10
-0.9949586377033062 2.755107575635365e-10
-0.9949586377033062 -2.0401933056856466e-10
-0.9949586377033062 2.7512325843913533e-10
-0.9949586377033062 -2.0363276932047566e-10
-0.9949586377033062 2.7473763129016685e-10
-0.9949586377033062 -2.0324807251469894e-10
-0.9949586377033062 2.743538610927625e-10
-0.9949586377033062 -2.0286522521180422e-10
-0.9949586377033062 2.739719329913208e-10
-0.9949586377033062 -2.024842126394153e-10
-0.9949586377033062 2.7359183229609236e-10
-0.9949586377033062 -2.02105020189816e-10
-0.9949586377033062 2.7321354448080634e-10
-0.9949586377033062 -2.017276334175982e-10
-0.9949586377033062 2.72837055180339e-10
-0.9949586377033062 -2.0135203803734982e-10
-0.9949586377033062 2.724623501884227e-10
-0.9949586377033062 -2.0097821992138433e-10
-0.9949586377033062 2.7208941545539397e-10
-0.9949586377033062 -2.0060616509750833e-10
-0.9949586377033062 2.7171823708598114e-10
-0.9949586377033062 -2.0023585974682823e-10
-0.9949586377033062 2.7134880133712963e-10
-0.9949586377033062 -1.9986729020159454e-10
-0.9949586377033062 2.7098109461586523e-10
-0.9949586377033062 -1.9950044294308285e-10
-0.9949586377033062 2.706151034771927e-10
-0.9949586377033062 -1.9913530459951127e-10
-0.9949586377033062 2.702508146220317e-10
-0.9949586377033062 -1.9877186194399318e-10
-0.9949586377033062 2.698882148951865e-10
-0.9949586377033062 -1.98410101892525e-10
-0.9949586377033062 2.695272912833509e-10
-0.9949586377033062 -1.9805001150200768e-10
-0.9949586377033062 2.691680309131466e-10
-0.9949586377033062 -1.976915779683015e-10
-0.9949586377033062 2.688104210491948e-10
-0.9949586377033062 -1.9733478862431429e-10
-0.9949586377033062 2.6845444909221964e-10
-0.9949586377033062 -1.9697963093812056e-10
-0.9949586377033062 2.6810010257718404e-10
-0.9949586377033062 -1.9662609251111342e-10
-0.9949586377033062 2.6774736917145645e-10
-0.9949586377033062 -1.9627416107618592e-10
-0.9949586377033062 2.67396236673008e-10
-0.9949586377033062 -1.9592382449594386e-10
-0.9949586377033062 2.670466930086394e-10
-0.9949586377033062 -1.955750707609472e-10
-0.9949586377033062 2.666987262322377e-10
-0.9949586377033062 -1.952278879879813e-10
-0.9949586377033062 2.663523245230613e-10
-0.9949586377033062 -1.9488226441835597e-10
-0.9949586377033062 2.6600747618405333e-10
-0.9949586377033062 -1.9453818841623304e-10
-0.9949586377033062 2.6566416964018285e-10
-0.9949586377033062 -1.9419564846698082e-10
-0.9949586377033062 2.653223934368129e-10
-0.9949586377033062 -1.9385463317555558e-10
-0.9949586377033062 2.649821362380951e-10
-0.9949586377033062 -1.9351513126490974e-10
-0.9949586377033062 2.6464338682539076e-10
-0.9949586377033062 -1.9317713157442516e-10
-0.9949586377033062 2.643061340957172e-10
-0.9949586377033062 -1.9284062305837226e-10
-0.9949586377033062 2.6397036706021914e-10
-0.9949586377033062 -1.9250559478439414e-10
-0.9949586377033062 2.63636074842665e-10
-0.9949586377033062 -1.9217203593201452e-10
-0.9949586377033062 2.633032466779669e-10
-0.9949586377033062 -1.9183993579117018e-10
-0.9949586377033062 2.629718719107249e-10
-0.9949586377033062 -1.9150928376076636e-10
-0.9949586377033062 3.5566328116513934e-11
-0.9949586377033062 -1.9134467655401096e-10
-0.9949586377033062 3.5402078363054404e-11
-0.9949586377033062 -1.911807829620026e-10
-0.9949586377033062 3.523853964717951e-11
-0.9949586377033062 -1.9101759784342782e-10
-0.9949586377033062 3.507570685351402e-11
-0.9949586377033062 -1.9085511610868168e-10
-0.9949586377033062 3.4913574918056685e-11
-0.9949586377033062 -1.9069333271920108e-10
-0.9949586377033062 3.475213882751853e-11
-0.9949586377033062 -1.9053224268680856e-10
-0.9949586377033062 3.4591393618672035e-11
-0.9949586377033062 -1.9037184107306621e-10
-0.9949586377033062 3.443133437771009e-11
-0.9949586377033062 -1.9021212298863994e-10
-0.9949586377033062 3.427195623961506e-11
-0.9949586377033062 -1.900530835926734e-10
-0.9949586377033062 3.411325438753784e-11
-0.9949586377033062 -1.8989471809217183e-10
-0.9949586377033062 3.3955224052186244e-11
-0.9949586377033062 -1.8973702174139522e-10
-0.9949586377033062 3.379786051122324e-11
-0.9949586377033062 -1.8957998984126118e-10
-0.9949586377033062 3.364115908867397e-11
-0.9949586377033062 -1.8942361773875668e-10
-0.9949586377033062 3.3485115154342425e-11
-0.9949586377033062 -1.89267900826359e-10
-0.9949586377033062 3.332972412323665e-11
-0.9949586377033062 -1.891128345414655e-10
-0.9949586377033062 3.3174981455003026e-11
-0.9949586377033062 -1.8895841436583217e-10
-0.9949586377033062 3.302088265336896e-11
-0.9949586377033062 -1.888046358250207e-10
-0.9949586377033062 3.286742326559418e-11
-0.9949586377033062 -1.8865149448785382e-10
-0.9949586377033062 3.271459888193039e-11
-0.9949586377033062 -1.8849898596587913e-10
-0.9949586377033062 3.256240513508901e-11
-0.9949586377033062 -1.8834710591284088e-10
-0.9949586377033062 3.2410837699717e-11
-0.9949586377033062 -1.8819585002415962e-10
-0.9949586377033062 3.225989229188052e-11
-0.9949586377033062 -1.8804521403642e-10
-0.9949586377033062 3.210956466855639e-11
-0.9949586377033062 -1.8789519372686579e-10
-0.9949586377033062 3.195985062713121e-11
-0.9949586377033062 -1.8774578491290288e-10
-0.9949586377033062 3.181074600490771e-11
-0.9949586377033062 -1.875969834516095e-10
-0.9949586377033062 3.1662246678618834e-11
-0.9949586377033062 -1.8744878523925351e-10
-0.9949586377033062 3.151434856394874e-11
-0.9949586377033062 -1.8730118621081733e-10
-0.9949586377033062 3.136704761506087e-11
-0.9949586377033062 -1.8715418233952948e-10
-0.9949586377033062 3.122033982413335e-11
-0.9949586377033062 -1.8700776963640304e-10
-0.9949586377033062 3.107422122090081e-11
-0.9949586377033062 -1.8686194414978126e-10
-0.9949586377033062 3.0928687872203085e-11
-0.9949586377033062 -1.8671670196488952e-10
-0.9949586377033062 3.078373588154066e-11
-0.9949586377033062 -1.8657203920339381e-10
-0.9949586377033062 3.063936138863636e-11
-0.9949586377033062 -1.8642795202296595e-10
-0.9949586377033062 3.0495560569003734e-11
-0.9949586377033062 -1.8628443661685475e-10
-0.9949586377033062 3.035232963352137e-11
-0.9949586377033062 -1.8614148921346374e-10
-0.9949586377033062 3.020966482801364e-11
-0.9949586377033062 -1.8599910607593484e-10
-0.9949586377033062 3.006756243283736e-11
-0.9949586377033062 -1.85857283501738e-10
-0.9949586377033062 2.992601876247455e-11
-0.9949586377033062 -1.8571601782226682e-10
-0.9949586377033062 2.978503016513089e-11
-0.9949586377033062 -1.855753054024401e-10
-0.9949586377033062 2.964459302233992e-11
-0.9949586377033062 -1.8543514264030884e-10
-0.9949586377033062 2.9504703748573234e-11
-0.9949586377033062 -1.8529552596666892e-10
-0.9949586377033062 2.9365358790855745e-11
-0.9949586377033062 -1.8515645184467955e-10
-0.9949586377033062 2.922655462838678e-11
-0.9949586377033062 -1.8501791676948682e-10
-0.9949586377033062 2.9088287772166484e-11
-0.9949586377033062 -1.8487991726785272e-10
-0.9949586377033062 2.8950554764627312e-11
-0.9949586377033062 -1.8474244989778948e-10
-0.9949586377033062 2.8813352179271052e-11
-0.9949586377033062 -1.8460551124819895e-10
-0.9949586377033062 2.8676676620310695e-11
-0.9949586377033062 -1.8446909793851705e-10
-0.9949586377033062 2.8540524722317535e-11
-0.9949586377033062 -1.843332066183633e-10
-0.9949586377033062 2.84048931498729e-11
-0.9949586377033062 -1.8419783396719518e-10
-0.9949586377033062 2.8269778597225266e-11
-0.9949586377033062 -1.840629766939674e-10
-0.9949586377033062 2.813517778795154e-11
-0.9949586377033062 -1.839286315367958e-10
-0.9949586377033062 2.8001087474623615e-11
-0.9949586377033062 -1.8379479526262597e-10
-0.9949586377033062 2.7867504438479095e-11
-0.9949586377033062 -1.836614646669065e-10
-0.9949586377033062 2.773442548909696e-11
-0.9949586377033062 -1.8352863657326664e-10
-0.9949586377033062 2.760184746407738e-11
-0.9949586377033062 -1.833963078331986e-10
-0.9949586377033062 2.7469767228726152e-11
-0.9949586377033062 -1.83264475325744e-10
-0.9949586377033062 2.733818167574342e-11
-0.9949586377033062 -1.8313313595718469e-10
-0.9949586377033062 2.720708772491654e-11
-0.9949586377033062 -1.830022866607379e-10
-0.9949586377033062 2.7076482322817364e-11
-0.9949586377033062 -1.8287192439625538e-10
-0.9949586377033062 2.6946362442503475e-11
-0.9949586377033062 -1.8274204614992686e-10
-0.9949586377033062 2.68167250832235e-11
-0.9949586377033062 -1.8261264893398727e-10
-0.9949586377033062 2.6687567270126568e-11
-0.9949586377033062 -1.8248372978642814e-10
-0.9949586377033062 2.6558886053975422e-11
-0.9949586377033062 -1.8235528577071278e-10
-0.9949586377033062 2.6430678510863744e-11
-0.9949586377033062 -1.822273139754954e-10
-0.9949586377033062 2.6302941741936975e-11
-0.9949586377033062 -1.8209981151434395e-10
-0.9949586377033062 2.617567287311707e-11
-0.9949586377033062 -1.8197277552546653e-10
-0.9949586377033062 2.604886905483095e-11
-0.9949586377033062 -1.8184620317144183e-10
-0.9949586377033062 2.5922527461742445e-11
-0.9949586377033062 -1.8172009163895272e-10
-0.9949586377033062 2.5796645292487936e-11
-0.9949586377033062 -1.815944381385238e-10
-0.9949586377033062 2.5671219769415423e-11
-0.9949586377033062 -1.8146923990426221e-10
-0.9949586377033062 2.55462481383272e-11
-0.9949586377033062 -1.8134449419360182e-10
-0.9949586377033062 2.5421727668225653e-11
-0.9949586377033062 -1.8122019828705098e-10
-0.9949586377033062 2.52976556510628e-11
-0.9949586377033062 -1.810963494879435e-10
-0.9949586377033062 2.5174029401492836e-11
-0.9949586377033062 -1.8097294512219294e-10
-0.9949586377033062 2.505084625662807e-11
-0.9949586377033062 -1.8084998253805002e-10
-0.9949586377033062 2.49281035757979e-11
-0.9949586377033062 -1.8072745910586342e-10
-0.9949586377033062 2.480579874031117e-11
-0.9949586377033062 -1.8060537221784352e-10
-0.9949586377033062 2.468392915322148e-11
-0.9949586377033062 -1.8048371928782924e-10
-0.9949586377033062 2.4562492239095555e-11
-0.9949586377033062 -1.8036249775105805e-10
-0.9949586377033062 2.444148544378477e-11
-0.9949586377033062 -1.8024170506393867e-10
-0.9949586377033062 2.432090623419933e-11
-0.9949586377033062 -1.8012133870382715e-10
-0.9949586377033062 2.420075209808568e-11
-0.9949586377033062 -1.8000139616880547e-10
-0.9949586377033062 2.4081020543806684e-11
-0.9949586377033062 -1.7988187497746306e-10
-0.9949586377033062 2.3961709100124512e-11
-0.9949586377033062 -1.7976277266868126e-10
-0.9949586377033062 2.384281531598648e-11
-0.9949586377033062 -1.796440868014205e-10
-0.9949586377033062 2.37243367603136e-11
-0.9949586377033062 -1.795258149545101e-10
-0.9949586377033062 2.3606271021791643e-11
-0.9949586377033062 -1.7940795472644087e-10
-0.9949586377033062 2.3488615708665144e-11
-0.9949586377033062 -1.7929050373516025e-10
-0.9949586377033062 2.337136844853399e-11
-0.9949586377033062 -1.7917345961787013e-10
-0.9949586377033062 2.3254526888152237e-11
-0.9949586377033062 -1.7905682003082726e-10
-0.9949586377033062 2.3138088693229923e-11
-0.9949586377033062 -1.7894058264914608e-10
-0.9949586377033062 2.3022051548237206e-11
-0.9949586377033062 -1.7882474516660405e-10
-0.9949586377033062 2.2906413156210854e-11
-0.9949586377033062 -1.7870930529544956e-10
-0.9949586377033062 2.2791171238563403e-11
-0.9949586377033062 -1.78594260766212e-10
-0.9949586377033062 2.2676323534894427e-11
-0.9949586377033062 -1.7847960932751466e-10
-0.9949586377033062 2.2561867802804475e-11
-0.9949586377033062 -1.7836534874588934e-10
-0.9949586377033062 2.2447801817711076e-11
-0.9949586377033062 -1.7825147680559386e-10
-0.9949586377033062 2.233412337266712e-11
-0.9949586377033062 -1.7813799130843148e-10
-0.9949586377033062 2.222083027818167e-11
-0.9949586377033062 -1.7802489007357272e-10
-0.9949586377033062 2.2107920362042662e-11
-0.9949586377033062 -1.7791217093737922e-10
-0.9949586377033062 2.1995391469142112e-11
-0.9949586377033062 -1.777998317532301e-10
-0.9949586377033062 2.188324146130323e-11
-0.9949586377033062 -1.7768787039135012e-10
-0.9949586377033062 2.1771468217109928e-11
-0.9949586377033062 -1.7757628473864005e-10
-0.9949586377033062 2.1660069631738087e-11
-0.9949586377033062 -1.7746507269850937e-10
-0.9949586377033062 2.154904361678928e-11
-0.9949586377033062 -1.7735423219071057e-10
-0.9949586377033062 2.143838810012616e-11
-0.9949586377033062 -1.7724376115117594e-10
-0.9949586377033062 2.1328101025710145e-11
-0.9949586377033062 -1.7713365753185594e-10
-0.9949586377033062 2.1218180353440952e-11
-0.9949586377033062 -1.7702391930055984e-10
-0.9949586377033062 2.1108624058998036e-11
-0.9949586377033062 -1.769145444407982e-10
-0.9949586377033062 2.099943013368407e-11
-0.9949586377033062 -1.768055309516271e-10
-0.9949586377033062 2.0890596584270237e-11
-0.9949586377033062 -1.7669687684749457e-10
-0.9949586377033062 2.0782121432843382e-11
-0.9949586377033062 -1.765885801580886e-10
-0.9949586377033062 2.0674002716655106e-11
-0.9949586377033062 -1.7648063892818708e-10
-0.9949586377033062 2.0566238487972532e-11
-0.9949586377033062 -1.7637305121750954e-10
-0.9949586377033062 2.0458826813930996e-11
-0.9949586377033062 -1.7626581510057068e-10
-0.9949586377033062 2.0351765776388353e-11
-0.9949586377033062 -1.7615892866653561e-10
-0.9949586377033062 2.0245053471781236e-11
-0.9949586377033062 -1.7605239001907693e-10
-0.9949586377033062 2.0138688010982774e-11
-0.9949586377033062 -1.7594619727623324e-10
-0.9949586377033062 2.003266751916226e-11
-0.9949586377033062 -1.7584034857026967e-10
-0.9949586377033062 1.992699013564618e-11
-0.9949586377033062 -1.7573484204753987e-10
-0.9949586377033062 1.9821654013781243e-11
-0.9949586377033062 -1.7562967586834967e-10
-0.9949586377033062 1.9716657320798697e-11
-0.9949586377033062 -1.7552484820682236e-10
-0.9949586377033062 1.9611998237680475e-11
-0.9949586377033062 -1.7542035725076543e-10
-0.9949586377033062 1.9507674959026876e-11
-0.9949586377033062 -1.7531620120153916e-10
-0.9949586377033062 1.940368569292569e-11
-0.9949586377033062 -1.752123782739265e-10
-0.9949586377033062 1.9300028660822872e-11
-0.9949586377033062 -1.7510888669600457e-10
-0.9949586377033062 1.91967020973949e-11
-0.9949586377033062 -1.7500572470901762e-10
-0.9949586377033062 1.9093704250422418e-11
-0.9949586377033062 -1.7490289056725158e-10
-0.9949586377033062 1.8991033380665493e-11
-0.9949586377033062 -1.7480038253790977e-10
-0.9949586377033062 1.8888687761740283e-11
-0.9949586377033062 -1.7469819890099057e-10
-0.9949586377033062 1.878666567999698e-11
-0.9949586377033062 -1.7459633794916597e-10
-0.9949586377033062 1.8684965434399454e-11
-0.9949586377033062 -1.7449479798766188e-10
-0.9949586377033062 1.8583585336406003e-11
-0.9949586377033062 -1.743935773341396e-10
-0.9949586377033062 1.8482523709851724e-11
-0.9949586377033062 -1.742926743185789e-10
-0.9949586377033062 1.8381778890832003e-11
-0.9949586377033062 -1.7419208728316211e-10
-0.9949586377033062 1.8281349227587537e-11
-0.9949586377033062 -1.740918145821598e-10
-0.9949586377033062 1.8181233080390598e-11
-0.9949586377033062 -1.7399185458181778e-10
-0.9949586377033062 1.8081428821432535e-11
-0.9949586377033062 -1.7389220566024513e-10
-0.9949586377033062 1.79819348347126e-11
-0.9949586377033062 -1.737928662073038e-10
-0.9949586377033062 1.788274951592808e-11
-0.9949586377033062 -1.7369383462449936e-10
-0.9949586377033062 1.7783871272365638e-11
-0.9949586377033062 -1.735951093248728e-10
-0.9949586377033062 1.7685298522793947e-11
-0.9949586377033062 -1.7349668873289383e-10
-0.9949586377033062 1.7587029697357483e-11
-0.9949586377033062 -1.733985712843553e-10
-0.9949586377033062 1.748906323747137e-11
-0.9949586377033062 -1.7330075542626878e-10
-0.9949586377033062 1.7391397595717695e-11
-0.9949586377033062 -1.7320323961676124e-10
-0.9949586377033062 1.7294031235742888e-11
-0.9949586377033062 -1.73106022324973e-10
-0.9949586377033062 1.7196962632156052e-11
-0.9949586377033062 -1.7300910203095694e-10
-0.9949586377033062 1.71001902704287e-11
-0.9949586377033062 -1.7291247722557846e-10
-0.9949586377033062 1.7003712646795517e-11
-0.9949586377033062 -1.7281614641041697e-10
-0.9949586377033062 1.6907528268156152e-11
-0.9949586377033062 -1.7272010809766812e-10
-0.9949586377033062 1.6811635651978238e-11
-0.9949586377033062 -1.7262436081004746e-10
-0.9949586377033062 1.6716033326201362e-11
-0.9949586377033062 -1.725289030806949e-10
-0.9949586377033062 1.662071982914214e-11
-0.9949586377033062 -1.7243373345308037e-10
-0.9949586377033062 1.652569370940039e-11
-0.9949586377033062 -1.7233885048091044e-10
-0.9949586377033062 1.6430953525766353e-11
-0.9949586377033062 -1.7224425272803595e-10
-0.9949586377033062 1.6336497847128828e-11
-0.9949586377033062 -1.7214993876836086e-10
-0.9949586377033062 1.6242325252384287e-11
-0.9949586377033062 -1.720559071857519e-10
-0.9949586377033062 1.6148434330347248e-11
-0.9949586377033062 -1.7196215657394917e-10
-0.9949586377033062 1.6054823679661388e-11
-0.9949586377033062 -1.7186868553647784e-10
-0.9949586377033062 1.5961491908711647e-11
-0.9949586377033062 -1.717754926865609e-10
-0.9949586377033062 1.5868437635537432e-11
-0.9949586377033062 -1.7168257664703263e-10
-0.9949586377033062 1.5775659487746535e-11
-0.9949586377033062 -1.715899360502532e-10
-0.9949586377033062 1.568315610243022e-11
-0.9949586377033062 -1.7149756953802398e-10
-0.9949586377033062 1.5590926126079204e-11
-0.9949586377033062 -1.714054757615041e-10
-0.9949586377033062 1.549896821450026e-11
-0.9949586377033062 -1.7131365338112764e-10
-0.9949586377033062 1.5407281032734176e-11
-0.9949586377033062 -1.712221010665216e-10
-0.9949586377033062 1.5315863254974238e-11
-0.9949586377033062 -1.711308174964253e-10
-0.9949586377033062 1.5224713564485654e-11
-0.9949586377033062 -1.7103980135861006e-10
-0.9949586377033062 1.5133830653526016e-11
-0.9949586377033062 -1.7094905134980001e-10
-0.9949586377033062 1.504321322326638e-11
-0.9949586377033062 -1.7085856617559375e-10
-0.9949586377033062 1.4952859983713493e-11
-0.9949586377033062 -1.7076834455038674e-10
-0.9949586377033062 1.4862769653632462e-11
-0.9949586377033062 -1.7067838519729464e-10
-0.9949586377033062 1.477294096047049e-11
-0.9949586377033062 -1.705886868480774e-10
-0.9949586377033062 1.4683372640281482e-11
-0.9949586377033062 -1.7049924824306414e-10
-0.9949586377033062 1.459406343765123e-11
-0.9949586377033062 -1.704100681310789e-10
-0.9949586377033062 1.4505012105623571e-11
-0.9949586377033062 -1.7032114526936712e-10
-0.9949586377033062 1.4416217405627266e-11
-0.9949586377033062 -1.7023247842352274e-10
-0.9949586377033062 1.4327678107403646e-11
-0.9949586377033062 -1.7014406636741654e-10
-0.9949586377033062 1.4239392988934933e-11
-0.9949586377033062 -1.7005590788312465e-10
-0.9949586377033062 1.4151360836373569e-11
-0.9949586377033062 -1.6996800176085814e-10
-0.9949586377033062 1.4063580443972055e-11
-0.9949586377033062 -1.6988034679889343e-10
-0.9949586377033062 1.3976050614013397e-11
-0.9949586377033062 -1.6979294180350314e-10
-0.9949586377033062 1.3888770156742756e-11
-0.9949586377033062 -1.6970578558888796e-10
-0.9949586377033062 1.3801737890299309e-11
-0.9949586377033062 -1.6961887697710886e-10
-0.9949586377033062 1.3714952640649251e-11
-0.9949586377033062 -1.6953221479802046e-10
-0.9949586377033062 1.3628413241519023e-11
-0.9949586377033062 -1.694457978892047e-10
-0.9949586377033062 1.354211853432968e-11
-0.9949586377033062 -1.693596250959054e-10
-0.9949586377033062 1.3456067368131674e-11
-0.9949586377033062 -1.6927369527096348e-10
-0.9949586377033062 1.337025859954031e-11
-0.9949586377033062 -1.6918800727475278e-10
-0.9949586377033062 1.3284691092672125e-11
-0.9949586377033062 -1.6910255997511667e-10
-0.9949586377033062 1.3199363719081488e-11
-0.9949586377033062 -1.6901735224730506e-10
-0.9949586377033062 1.311427535769832e-11
-0.9949586377033062 -1.6893238297391227e-10
-0.9949586377033062 1.3029424894766189e-11
-0.9949586377033062 -1.6884765104481562e-10
-0.9949586377033062 1.2944811223780894e-11
-0.9949586377033062 -1.687631553571144e-10
-0.9949586377033062 1.2860433245430051e-11
-0.9949586377033062 -1.6867889481506958e-10
-0.9949586377033062 1.277628986753302e-11
-0.9949586377033062 -1.6859486833004416e-10
-0.9949586377033062 1.2692380004981632e-11
-0.9949586377033062 -1.68511074820444e-10
-0.9949586377033062 1.2608702579681255e-11
-0.9949586377033062 -1.684275132116595e-10
-0.9949586377033062 1.2525256520492811e-11
-0.9949586377033062 -1.6834418243600763e-10
-0.9949586377033062 1.2442040763174979e-11
-0.9949586377033062 -1.6826108143267457e-10
-0.9949586377033062 1.2359054250327323e-11
-0.9949586377033062 -1.6817820914765919e-10
-0.9949586377033062 1.2276295931333866e-11
-0.9949586377033062 -1.6809556453371662e-10
-0.9949586377033062 1.2193764762307073e-11
-0.9949586377033062 -1.6801314655030299e-10
-0.9949586377033062 1.2111459706032819e-11
-0.9949586377033062 -1.679309541635201e-10
-0.9949586377033062 1.2029379731915352e-11
-0.9949586377033062 -1.6784898634606113e-10
-0.9949586377033062 1.1947523815923324e-11
-0.9949586377033062 -1.6776724207715667e-10
-0.9949586377033062 1.186589094053597e-11
-0.9949586377033062 -1.6768572034252135e-10
-0.9949586377033062 1.1784480094690013e-11
-0.9949586377033062 -1.676044201343009e-10
-0.9949586377033062 1.1703290273727114e-11
-0.9949586377033062 -1.6752334045102e-10
-0.9949586377033062 1.1622320479341836e-11
-0.9949586377033062 -1.6744248029753012e-10
-0.9949586377033062 1.1541569719529997e-11
-0.9949586377033062 -1.6736183868495863e-10
-0.9949586377033062 1.1461037008537696e-11
-0.9949586377033062 -1.6728141463065777e-10
-0.9949586377033062 1.138072136681067e-11
-0.9949586377033062 -1.672012071581543e-10
-0.9949586377033062 1.1300621820944439e-11
-0.9949586377033062 -1.6712121529709996e-10
-0.9949586377033062 1.122073740363456e-11
-0.9949586377033062 -1.670414380832219e-10
-0.9949586377033062 1.114106715362763e-11
-0.9949586377033062 -1.6696187455827404e-10
-0.9949586377033062 1.1061610115672727e-11
-0.9949586377033062 -1.6688252376998868e-10
-0.9949586377033062 1.0982365340473342e-11
-0.9949586377033062 -1.6680338477202852e-10
-0.9949586377033062 1.0903331884639653e-11
-0.9949586377033062 -1.6672445662393945e-10
-0.9949586377033062 1.0824508810641381e-11
-0.9949586377033062 -1.6664573839110345e-10
-0.9949586377033062 1.0745895186761204e-11
-0.9949586377033062 -1.6656722914469214e-10
-0.9949586377033062 1.0667490087048286e-11
-0.9949586377033062 -1.6648892796162082e-10
-0.9949586377033062 1.0589292591272622e-11
-0.9949586377033062 -1.6641083392450292e-10
-0.9949586377033062 1.0511301784879623e-11
-0.9949586377033062 -1.663329461216046e-10
-0.9949586377033062 1.043351675894524e-11
-0.9949586377033062 -1.6625526364680035e-10
-0.9949586377033062 1.0355936610131376e-11
-0.9949586377033062 -1.6617778559952854e-10
-0.9949586377033062 1.0278560440641967e-11
-0.9949586377033062 -1.6610051108474762e-10
-0.9949586377033062 1.0201387358179164e-11
-0.9949586377033062 -1.6602343921289278e-10
-0.9949586377033062 1.0124416475900196e-11
-0.9949586377033062 -1.6594656909983275e-10
-0.9949586377033062 1.0047646912374715e-11
-0.9949586377033062 -1.658698998668273e-10
-0.9949586377033062 9.97107779154217e-12
-0.9949586377033062 -1.657934306404851e-10
-0.9949586377033062 9.894708242669932e-12
-0.9949586377033062 -1.657171605527219e-10
-0.9949586377033062 9.81853740031168e-12
-0.9949586377033062 -1.6564108874071903e-10
-0.9949586377033062 9.742564404266317e-12
-0.9949586377033062 -1.6556521434688258e-10
-0.9949586377033062 9.666788399536958e-12
-0.9949586377033062 -1.654895365188027e-10
-0.9949586377033062 9.591208536290674e-12
-0.9949586377033062 -1.6541405440921336e-10
-0.9949586377033062 9.515823969818431e-12
-0.9949586377033062 -1.653387671759526e-10
-0.9949586377033062 9.440633860495356e-12
-0.9949586377033062 -1.6526367398192297e-10
-0.9949586377033062 9.365637373741653e-12
-0.9949586377033062 -1.651887739950524e-10
-0.9949586377033062 9.290833679983522e-12
-0.9949586377033062 -1.6511406638825572e-10
-0.9949586377033062 9.216221954614614e-12
-0.9949586377033062 -1.6503955033939595e-10
-0.9949586377033062 9.141801377957982e-12
-0.9949586377033062 -1.6496522503124662e-10
-0.9949586377033062 9.067571135228134e-12
-0.9949586377033062 -1.6489108965145394e-10
-0.9949586377033062 8.993530416493654e-12
-0.9949586377033062 -1.6481714339249954e-10
-0.9949586377033062 8.919678416640006e-12
-0.9949586377033062 -1.6474338545166362e-10
-0.9949586377033062 8.846014335332804e-12
-0.9949586377033062 -1.646698150309882e-10
-0.9949586377033062 8.772537376981486e-12
-0.9949586377033062 -1.6459643133724088e-10
-0.9949586377033062 8.699246750703032e-12
-0.9949586377033062 -1.645232335818791e-10
-0.9949586377033062 8.626141670286308e-12
-0.9949586377033062 -1.6445022098101442e-10
-0.9949586377033062 8.553221354156685e-12
-0.9949586377033062 -1.643773927553772e-10
-0.9949586377033062 8.480485025340906e-12
-0.9949586377033062 -1.6430474813028171e-10
-0.9949586377033062 8.407931911432216e-12
-0.9949586377033062 -1.642322863355917e-10
-0.9949586377033062 8.335561244556061e-12
-0.9949586377033062 -1.641600066056858e-10
-0.9949586377033062 8.263372261335915e-12
-0.9949586377033062 -1.6408790817942383e-10
-0.9949586377033062 8.191364202859388e-12
-0.9949586377033062 -1.6401599030011288e-10
-0.9949586377033062 8.119536314644833e-12
-0.9949586377033062 -1.6394425221547414e-10
-0.9949586377033062 8.04788784660805e-12
-0.9949586377033062 -1.6387269317760986e-10
-0.9949586377033062 7.976418053029355e-12
-0.9949586377033062 -1.638013124429704e-10
-0.9949586377033062 7.905126192521162e-12
-0.9949586377033062 -1.63730109272322e-10
-0.9949586377033062 7.834011527995494e-12
-0.9949586377033062 -1.6365908293071447e-10
-0.9949586377033062 7.763073326632057e-12
-0.9949586377033062 -1.6358823268744948e-10
-0.9949586377033062 7.692310859846521e-12
-0.9949586377033062 -1.6351755781604883e-10
-0.9949586377033062 7.621723403259067e-12
-0.9949586377033062 -1.6344705759422333e-10
-0.9949586377033062 7.551310236663232e-12
-0.9949586377033062 -1.6337673130384157e-10
-0.9949586377033062 7.4810706439951e-12
-0.9949586377033062 -1.6330657823089954e-10
-0.9949586377033062 7.411003913302697e-12
-0.9949586377033062 -1.6323659766548972e-10
-0.9949586377033062 7.341109336715692e-12
-0.9949586377033062 -1.6316678890177129e-10
-0.9949586377033062 7.271386210415312e-12
-0.9949586377033062 -1.630971512379401e-10
-0.9949586377033062 7.201833834604536e-12
-0.9949586377033062 -1.6302768397619908e-10
-0.9949586377033062 7.132451513478807e-12
-0.9949586377033062 -1.6295838642272872e-10
-0.9949586377033062 7.063238555196565e-12
-0.9949586377033062 -1.6288925788765816e-10
-0.9949586377033062 6.994194271850347e-12
-0.9949586377033062 -1.628202976850362e-10
-0.9949586377033062 6.925317979438145e-12
-0.9949586377033062 -1.6275150513280288e-10
-0.9949586377033062 6.856608997834819e-12
-0.9949586377033062 -1.626828795527609e-10
-0.9949586377033062 6.788066650764021e-12
-0.9949586377033062 -1.6261442027054776e-10
-0.9949586377033062 6.719690265770099e-12
-0.9949586377033062 -1.6254612661560784e-10
-0.9949586377033062 6.651479174190542e-12
-0.9949586377033062 -1.624779979211648e-10
-0.9949586377033062 6.583432711128344e-12
-0.9949586377033062 -1.6241003352419423e-10
-0.9949586377033062 6.515550215424945e-12
-0.9949586377033062 -1.6234223276539663e-10
-0.9949586377033062 6.447831029633186e-12
-0.9949586377033062 -1.622745949891705e-10
-0.9949586377033062 6.380274499990534e-12
-0.9949586377033062 -1.622071195435856e-10
-0.9949586377033062 6.312879976392586e-12
-0.9949586377033062 -1.621398057803568e-10
-0.9949586377033062 6.245646812366775e-12
-0.9949586377033062 -1.6207265305481771e-10
-0.9949586377033062 6.178574365046452e-12
-0.9949586377033062 -1.6200566072589485e-10
-0.9949586377033062 6.1116619951448975e-12
-0.9949586377033062 -1.619388281560819e-10
-0.9949586377033062 6.044909066929816e-12
-0.9949586377033062 -1.618721547114143e-10
-0.9949586377033062 5.978314948198e-12
-0.9949586377033062 -1.6180563976144385e-10
-0.9949586377033062 5.911879010250074e-12
-0.9949586377033062 -1.6173928267921378e-10
-0.9949586377033062 5.8456006278657095e-12
-0.9949586377033062 -1.6167308284123392e-10
-0.9949586377033062 5.7794791792787265e-12
-0.9949586377033062 -1.616070396274561e-10
-0.9949586377033062 5.713514046152799e-12
-0.9949586377033062 -1.615411524212497e-10
-0.9949586377033062 5.647704613557026e-12
-0.9949586377033062 -1.6147542060937756e-10
-0.9949586377033062 5.582050269941917e-12
-0.9949586377033062 -1.6140984358197182e-10
-0.9949586377033062 5.5165504071155334e-12
-0.9949586377033062 -1.613444207325105e-10
-0.9949586377033062 5.451204420219656e-12
-0.9949586377033062 -1.6127915145779354e-10
-0.9949586377033062 5.3860117077066755e-12
-0.9949586377033062 -1.6121403515791973e-10
-0.9949586377033062 5.320971671316016e-12
-0.9949586377033062 -1.611490712362634e-10
-0.9949586377033062 5.256083716051182e-12
-0.9949586377033062 -1.6108425909945157e-10
-0.9949586377033062 5.191347250156936e-12
-0.9949586377033062 -1.610195981573411e-10
-0.9949586377033062 5.1267616850965714e-12
-0.9949586377033062 -1.6095508782299608e-10
-0.9949586377033062 5.062326435529532e-12
-0.9949586377033062 -1.6089072751266562e-10
-0.9949586377033062 4.998040919288972e-12
-0.9949586377033062 -1.6082651664576153e-10
-0.9949586377033062 4.933904557359836e-12
-0.9949586377033062 -1.6076245464483635e-10
-0.9949586377033062 4.869916773856836e-12
-0.9949586377033062 -1.6069854093556157e-10
-0.9949586377033062 4.806076996002816e-12
-0.9949586377033062 -1.6063477494670596e-10
-0.9949586377033062 4.742384654107139e-12
-0.9949586377033062 -1.6057115611011417e-10
-0.9949586377033062 4.678839181544391e-12
-0.9949586377033062 -1.605076838606854e-10
-0.9949586377033062 4.6154400147331825e-12
-0.9949586377033062 -1.6044435763635247e-10
-0.9949586377033062 4.55218659311521e-12
-0.9949586377033062 -1.6038117687806067e-10
-0.9949586377033062 4.489078359134318e-12
-0.9949586377033062 -1.6031814102974733e-10
-0.9949586377033062 4.426114758215977e-12
-0.9949586377033062 -1.6025524953832096e-10
-0.9949586377033062 4.363295238746782e-12
-0.9949586377033062 -1.601925018536411e-10
-0.9949586377033062 4.300619252054188e-12
-0.9949586377033062 -1.6012989742849797e-10
-0.9949586377033062 4.2380862523861915e-12
-0.9949586377033062 -1.6006743571859258e-10
-0.9949586377033062 4.175695696891661e-12
-0.9949586377033062 -1.6000511618251662e-10
-0.9949586377033062 4.113447045600327e-12
-0.9949586377033062 -1.5994293828173298e-10
-0.9949586377033062 4.051339761403293e-12
